1 93
2 23
3 79
4 92
5 11
6 26
7 61
8 23
9 10
10 86
11 76
12 100
13 33
14 22
15 28
16 21
17 19
18 73
19 35
20 22
21 88
22 2
23 58
24 21
25 67
26 56
27 72
28 73
29 3
30 1
31 42
32 26
33 45
34 59
35 77
36 61
37 4
38 71
39 66
40 18
41 11
42 42
43 7
44 88
45 44
46 33
47 60
48 6
49 33
50 56
51 53
52 85
53 61
54 3
55 75
56 69
57 74
58 25
59 79
60 92
61 98
62 39
63 70
64 93
65 57
66 62
67 39
68 90
69 69
70 77
71 68
72 83
73 81
74 81
75 84
76 68
77 76
78 6
79 98
80 21
81 74
82 99
83 86
84 52
85 44
86 7
87 21
88 27
89 93
90 84
91 10
92 5
93 81
94 33
95 80
96 48
97 50
98 7
99 100
100 94
101 43
102 8
103 73
104 85
105 97
106 53
107 15
108 91
109 74
110 66
111 12
112 82
113 12
114 8
115 22
116 57
117 22
118 30
119 86
120 81
121 6
122 25
123 79
124 64
125 83
126 87
127 7
128 52
129 67
130 47
131 66
132 76
133 50
134 72
135 48
136 60
137 34
138 60
139 77
140 18
141 30
142 35
143 85
144 90
145 37
146 57
147 19
148 62
149 79
150 4
151 27
152 75
153 23
154 3
155 71
156 33
157 97
158 85
159 23
160 29
161 65
162 2
163 89
164 14
165 6
166 73
167 100
168 33
169 96
170 98
171 98
172 26
173 19
174 67
175 85
176 48
177 44
178 78
179 6
180 77
181 79
182 78
183 48
184 52
185 79
186 47
187 21
188 24
189 63
190 75
191 56
192 34
193 74
194 100
195 50
196 18
197 42
198 72
199 19
200 11
201 3
202 68
203 21
204 97
205 82
206 37
207 100
208 17
209 53
210 9
211 94
212 80
213 21
214 50
215 49
216 32
217 71
218 21
219 90
220 88
221 25
222 66
223 62
224 43
225 16
226 72
227 45
228 17
229 40
230 7
231 16
232 26
233 56
234 70
235 82
236 20
237 16
238 5
239 90
240 48
241 5
242 88
243 73
244 80
245 34
246 42
247 31
248 44
249 66
250 16
251 21
252 51
253 83
254 80
255 57
256 61
257 43
258 35
259 97
260 39
261 94
262 88
263 3
264 79
265 22
266 24
267 10
268 31
269 86
270 3
271 19
272 21
273 75
274 87
275 59
276 57
277 2
278 73
279 36
280 23
281 8
282 9
283 71
284 67
285 24
286 71
287 100
288 3
289 41
290 36
291 67
292 60
293 100
294 58
295 55
296 29
297 93
298 41
299 77
300 42
301 99
302 43
303 39
304 93
305 43
306 75
307 5
308 71
309 5
310 91
311 9
312 25
313 97
314 35
315 63
316 37
317 13
318 34
319 53
320 5
321 48
322 100
323 82
324 24
325 36
326 53
327 26
328 69
329 61
330 38
331 46
332 25
333 98
334 50
335 70
336 99
337 5
338 80
339 30
340 94
341 74
342 56
343 99
344 23
345 66
346 76
347 91
348 14
349 38
350 97
351 23
352 52
353 43
354 99
355 70
356 19
357 40
358 6
359 31
360 58
361 83
362 27
363 98
364 27
365 22
366 7
367 84
368 36
369 98
370 74
371 39
372 82
373 39
374 64
375 56
376 89
377 22
378 30
379 83
380 28
381 18
382 8
383 35
384 28
385 86
386 8
387 65
388 73
389 50
390 27
391 42
392 5
393 90
394 43
395 68
396 46
397 32
398 25
399 5
400 23
401 69
402 52
403 92
404 3
405 94
406 8
407 62
408 73
409 1
410 81
411 60
412 28
413 47
414 76
415 43
416 43
417 50
418 84
419 8
420 97
421 44
422 89
423 59
424 65
425 99
426 95
427 57
428 36
429 4
430 46
431 45
432 56
433 58
434 99
435 72
436 68
437 64
438 34
439 3
440 37
441 27
442 54
443 6
444 54
445 59
446 87
447 72
448 27
449 42
450 3
451 30
452 25
453 26
454 93
455 18
456 74
457 12
458 2
459 100
460 27
461 97
462 46
463 4
464 52
465 82
466 43
467 55
468 3
469 76
470 20
471 21
472 1
473 77
474 25
475 44
476 42
477 51
478 63
479 42
480 60
481 6
482 1
483 20
484 19
485 70
486 82
487 3
488 65
489 79
490 5
491 18
492 57
493 12
494 75
495 30
496 58
497 56
498 43
499 74
500 82
501 92
502 89
503 94
504 56
505 22
506 62
507 14
508 28
509 31
510 91
511 77
512 53
513 87
514 53
515 29
516 93
517 14
518 36
519 74
520 1
521 91
522 64
523 10
524 35
525 10
526 66
527 75
528 19
529 48
530 16
531 33
532 14
533 94
534 77
535 24
536 2
537 51
538 12
539 5
540 99
541 2
542 95
543 93
544 70
545 60
546 11
547 19
548 97
549 67
550 7
551 15
552 2
553 81
554 39
555 5
556 34
557 56
558 12
559 83
560 70
561 58
562 45
563 19
564 8
565 27
566 21
567 81
568 4
569 90
570 88
571 45
572 69
573 1
574 51
575 22
576 24
577 21
578 49
579 30
580 60
581 85
582 12
583 90
584 85
585 11
586 85
587 78
588 60
589 53
590 64
591 95
592 11
593 63
594 36
595 21
596 74
597 55
598 19
599 47
600 97
601 33
602 45
603 45
604 96
605 100
606 8
607 25
608 22
609 62
610 73
611 59
612 10
613 56
614 85
615 64
616 2
617 75
618 7
619 38
620 98
621 32
622 46
623 29
624 27
625 22
626 54
627 78
628 45
629 49
630 81
631 9
632 70
633 43
634 44
635 46
636 22
637 19
638 20
639 20
640 73
641 32
642 79
643 97
644 87
645 23
646 56
647 87
648 36
649 81
650 64
651 33
652 35
653 28
654 10
655 18
656 77
657 19
658 90
659 50
660 65
661 30
662 85
663 50
664 26
665 97
666 21
667 75
668 49
669 58
670 9
671 68
672 67
673 45
674 21
675 73
676 43
677 55
678 76
679 100
680 47
681 83
682 25
683 66
684 77
685 34
686 92
687 43
688 94
689 23
690 30
691 19
692 22
693 3
694 45
695 64
696 89
697 49
698 28
699 45
700 98
701 76
702 34
703 18
704 87
705 76
706 49
707 19
708 86
709 60
710 29
711 47
712 31
713 19
714 46
715 45
716 15
717 70
718 92
719 50
720 89
721 41
722 43
723 46
724 39
725 9
726 60
727 86
728 40
729 9
730 52
731 31
732 53
733 15
734 83
735 100
736 87
737 46
738 87
739 42
740 96
741 86
742 47
743 52
744 21
745 40
746 31
747 75
748 84
749 87
750 91
751 80
752 70
753 81
754 80
755 30
756 10
757 47
758 43
759 8
760 62
761 65
762 85
763 26
764 26
765 89
766 72
767 100
768 79
769 9
770 73
771 3
772 5
773 85
774 90
775 68
776 49
777 35
778 75
779 44
780 26
781 91
782 68
783 30
784 22
785 67
786 26
787 1
788 38
789 8
790 28
791 21
792 68
793 75
794 29
795 69
796 73
797 34
798 85
799 60
800 35
801 4
802 73
803 61
804 88
805 88
806 95
807 25
808 6
809 51
810 30
811 47
812 23
813 40
814 98
815 66
816 41
817 8
818 29
819 87
820 66
821 75
822 96
823 87
824 17
825 25
826 2
827 73
828 70
829 88
830 54
831 17
832 4
833 87
834 27
835 28
836 71
837 64
838 80
839 12
840 76
841 76
842 70
843 73
844 5
845 67
846 35
847 82
848 41
849 63
850 77
851 5
852 84
853 25
854 48
855 25
856 29
857 34
858 29
859 58
860 37
861 97
862 16
863 76
864 54
865 59
866 72
867 41
868 96
869 37
870 87
871 10
872 43
873 94
874 5
875 45
876 86
877 96
878 87
879 48
880 4
881 20
882 41
883 58
884 54
885 38
886 27
887 39
888 37
889 71
890 93
891 83
892 46
893 30
894 46
895 8
896 48
897 79
898 68
899 76
900 56
901 71
902 7
903 89
904 28
905 5
906 64
907 92
908 39
909 98
910 36
911 66
912 58
913 75
914 42
915 47
916 69
917 1
918 93
919 17
920 32
921 86
922 95
923 96
924 40
925 59
926 96
927 44
928 26
929 75
930 31
931 96
932 39
933 85
934 4
935 23
936 15
937 38
938 74
939 41
940 88
941 54
942 23
943 59
944 98
945 5
946 55
947 52
948 77
949 40
950 14
951 47
952 51
953 53
954 59
955 22
956 69
957 52
958 98
959 42
960 24
961 35
962 4
963 98
964 89
965 25
966 66
967 26
968 87
969 8
970 96
971 9
972 69
973 24
974 1
975 10
976 88
977 61
978 53
979 84
980 90
981 93
982 90
983 81
984 53
985 12
986 20
987 29
988 71
989 76
990 60
991 88
992 11
993 64
994 44
995 73
996 82
997 13
998 17
999 32
1000 72
1001 76
1002 74
1003 31
1004 2
1005 12
1006 5
1007 53
1008 1
1009 52
1010 40
1011 27
1012 72
1013 89
1014 86
1015 99
1016 90
1017 29
1018 63
1019 16
1020 7
1021 65
1022 42
1023 84
1024 95
1025 33
1026 39
1027 74
1028 54
1029 53
1030 46
1031 19
1032 31
1033 97
1034 27
1035 96
1036 2
1037 70
1038 11
1039 38
1040 40
1041 84
1042 3
1043 91
1044 43
1045 43
1046 80
1047 29
1048 71
1049 66
1050 52
1051 43
1052 85
1053 45
1054 17
1055 17
1056 99
1057 86
1058 36
1059 57
1060 57
1061 35
1062 44
1063 65
1064 51
1065 70
1066 56
1067 47
1068 95
1069 69
1070 43
1071 35
1072 41
1073 55
1074 95
1075 85
1076 63
1077 5
1078 46
1079 19
1080 55
1081 2
1082 2
1083 35
1084 38
1085 80
1086 16
1087 58
1088 31
1089 68
1090 72
1091 61
1092 71
1093 9
1094 71
1095 96
1096 60
1097 46
1098 5
1099 57
1100 56
1101 70
1102 77
1103 71
1104 37
1105 56
1106 40
1107 23
1108 91
1109 53
1110 47
1111 1
1112 11
1113 30
1114 2
1115 12
1116 64
1117 88
1118 58
1119 1
1120 95
1121 54
1122 90
1123 78
1124 31
1125 84
1126 11
1127 74
1128 19
1129 6
1130 29
1131 73
1132 60
1133 73
1134 86
1135 26
1136 64
1137 68
1138 37
1139 1
1140 81
1141 60
1142 35
1143 19
1144 38
1145 88
1146 12
1147 9
1148 27
1149 31
1150 61
1151 29
1152 9
1153 68
1154 19
1155 61
1156 15
1157 48
1158 32
1159 74
1160 43
1161 20
1162 61
1163 64
1164 80
1165 98
1166 32
1167 80
1168 92
1169 62
1170 15
1171 42
1172 35
1173 62
1174 46
1175 54
1176 9
1177 82
1178 27
1179 11
1180 57
1181 31
1182 93
1183 62
1184 6
1185 90
1186 43
1187 49
1188 53
1189 41
1190 18
1191 4
1192 13
1193 15
1194 89
1195 54
1196 17
1197 33
1198 73
1199 72
1200 16
1201 70
1202 34
1203 79
1204 47
1205 15
1206 1
1207 44
1208 22
1209 35
1210 68
1211 85
1212 69
1213 25
1214 92
1215 96
1216 56
1217 13
1218 82
1219 11
1220 39
1221 27
1222 6
1223 3
1224 32
1225 36
1226 96
1227 54
1228 81
1229 17
1230 80
1231 60
1232 49
1233 80
1234 69
1235 91
1236 7
1237 42
1238 54
1239 70
1240 80
1241 24
1242 67
1243 32
1244 67
1245 60
1246 91
1247 67
1248 10
1249 72
1250 51
1251 43
1252 11
1253 37
1254 46
1255 45
1256 68
1257 1
1258 91
1259 32
1260 65
1261 91
1262 85
1263 19
1264 41
1265 9
1266 45
1267 27
1268 64
1269 60
1270 11
1271 36
1272 80
1273 56
1274 7
1275 67
1276 86
1277 31
1278 11
1279 50
1280 13
1281 83
1282 95
1283 24
1284 50
1285 100
1286 20
1287 9
1288 66
1289 60
1290 1
1291 82
1292 21
1293 27
1294 8
1295 25
1296 32
1297 19
1298 94
1299 54
1300 14
1301 17
1302 75
1303 95
1304 61
1305 19
1306 93
1307 83
1308 16
1309 25
1310 39
1311 95
1312 52
1313 62
1314 1
1315 47
1316 36
1317 64
1318 39
1319 23
1320 82
1321 92
1322 36
1323 69
1324 21
1325 77
1326 29
1327 10
1328 92
1329 37
1330 99
1331 21
1332 17
1333 97
1334 62
1335 81
1336 40
1337 29
1338 64
1339 100
1340 95
1341 15
1342 99
1343 41
1344 7
1345 42
1346 26
1347 91
1348 13
1349 52
1350 83
1351 51
1352 66
1353 54
1354 25
1355 95
1356 13
1357 52
1358 65
1359 38
1360 63
1361 80
1362 89
1363 4
1364 49
1365 23
1366 16
1367 55
1368 43
1369 99
1370 18
1371 29
1372 56
1373 69
1374 99
1375 16
1376 51
1377 70
1378 6
1379 77
1380 37
1381 50
1382 76
1383 68
1384 8
1385 37
1386 39
1387 24
1388 84
1389 37
1390 95
1391 89
1392 1
1393 78
1394 4
1395 14
1396 58
1397 61
1398 22
1399 82
1400 17
1401 56
1402 4
1403 34
1404 35
1405 54
1406 15
1407 12
1408 92
1409 11
1410 88
1411 60
1412 7
1413 20
1414 23
1415 36
1416 72
1417 41
1418 56
1419 23
1420 4
1421 100
1422 6
1423 35
1424 85
1425 62
1426 59
1427 43
1428 76
1429 97
1430 74
1431 20
1432 99
1433 28
1434 33
1435 8
1436 72
1437 96
1438 51
1439 18
1440 68
1441 19
1442 89
1443 56
1444 45
1445 47
1446 46
1447 42
1448 49
1449 34
1450 85
1451 37
1452 63
1453 17
1454 32
1455 60
1456 3
1457 40
1458 39
1459 72
1460 18
1461 3
1462 98
1463 71
1464 8
1465 83
1466 99
1467 39
1468 47
1469 45
1470 4
1471 40
1472 89
1473 84
1474 73
1475 11
1476 2
1477 87
1478 7
1479 62
1480 55
1481 25
1482 34
1483 61
1484 27
1485 32
1486 85
1487 84
1488 12
1489 93
1490 35
1491 13
1492 6
1493 25
1494 24
1495 57
1496 97
1497 34
1498 35
1499 2
1500 92
1501 2
1502 29
1503 63
1504 79
1505 26
1506 56
1507 95
1508 9
1509 83
1510 81
1511 76
1512 87
1513 9
1514 6
1515 92
1516 54
1517 28
1518 31
1519 20
1520 48
1521 3
1522 61
1523 57
1524 66
1525 10
1526 14
1527 32
1528 85
1529 92
1530 77
1531 81
1532 87
1533 83
1534 22
1535 43
1536 57
1537 71
1538 85
1539 100
1540 28
1541 85
1542 100
1543 60
1544 32
1545 38
1546 38
1547 41
1548 81
1549 94
1550 75
1551 30
1552 13
1553 17
1554 58
1555 68
1556 52
1557 1
1558 92
1559 58
1560 32
1561 98
1562 88
1563 73
1564 36
1565 51
1566 19
1567 8
1568 79
1569 89
1570 48
1571 51
1572 65
1573 23
1574 60
1575 74
1576 83
1577 8
1578 85
1579 21
1580 92
1581 38
1582 70
1583 95
1584 97
1585 20
1586 1
1587 39
1588 98
1589 47
1590 60
1591 73
1592 19
1593 38
1594 69
1595 22
1596 82
1597 11
1598 76
1599 98
1600 14
1601 91
1602 47
1603 75
1604 93
1605 22
1606 97
1607 43
1608 51
1609 80
1610 32
1611 44
1612 43
1613 12
1614 95
1615 39
1616 48
1617 2
1618 68
1619 66
1620 93
1621 91
1622 59
1623 72
1624 85
1625 2
1626 23
1627 71
1628 99
1629 24
1630 93
1631 66
1632 81
1633 1
1634 48
1635 37
1636 60
1637 33
1638 72
1639 21
1640 44
1641 5
1642 47
1643 89
1644 66
1645 23
1646 14
1647 2
1648 48
1649 58
1650 60
1651 8
1652 81
1653 3
1654 30
1655 22
1656 7
1657 65
1658 95
1659 69
1660 13
1661 19
1662 15
1663 26
1664 73
1665 88
1666 15
1667 32
1668 78
1669 10
1670 24
1671 89
1672 35
1673 91
1674 90
1675 36
1676 77
1677 5
1678 95
1679 5
1680 72
1681 44
1682 9
1683 10
1684 94
1685 81
1686 16
1687 53
1688 68
1689 60
1690 77
1691 31
1692 65
1693 35
1694 72
1695 95
1696 33
1697 15
1698 10
1699 97
1700 3
1701 35
1702 40
1703 15
1704 47
1705 75
1706 84
1707 78
1708 84
1709 32
1710 2
1711 6
1712 21
1713 88
1714 22
1715 59
1716 4
1717 82
1718 48
1719 28
1720 64
1721 81
1722 80
1723 50
1724 96
1725 59
1726 46
1727 34
1728 85
1729 2
1730 59
1731 12
1732 11
1733 49
1734 86
1735 67
1736 37
1737 24
1738 90
1739 23
1740 75
1741 44
1742 63
1743 70
1744 53
1745 55
1746 51
1747 4
1748 99
1749 58
1750 97
1751 78
1752 60
1753 30
1754 30
1755 13
1756 24
1757 46
1758 32
1759 61
1760 2
1761 65
1762 22
1763 96
1764 2
1765 48
1766 58
1767 58
1768 76
1769 66
1770 79
1771 46
1772 65
1773 59
1774 11
1775 54
1776 100
1777 60
1778 22
1779 16
1780 98
1781 89
1782 52
1783 33
1784 27
1785 87
1786 68
1787 85
1788 90
1789 81
1790 62
1791 17
1792 67
1793 5
1794 97
1795 82
1796 3
1797 51
1798 42
1799 86
1800 8
1801 25
1802 80
1803 39
1804 80
1805 95
1806 85
1807 20
1808 97
1809 96
1810 73
1811 40
1812 75
1813 30
1814 42
1815 12
1816 33
1817 66
1818 93
1819 77
1820 54
1821 63
1822 96
1823 87
1824 8
1825 25
1826 34
1827 25
1828 96
1829 95
1830 43
1831 4
1832 26
1833 2
1834 53
1835 35
1836 38
1837 86
1838 16
1839 62
1840 88
1841 97
1842 53
1843 64
1844 72
1845 11
1846 20
1847 99
1848 67
1849 73
1850 51
1851 38
1852 8
1853 66
1854 67
1855 81
1856 6
1857 5
1858 49
1859 1
1860 47
1861 89
1862 30
1863 97
1864 37
1865 48
1866 1
1867 42
1868 20
1869 57
1870 26
1871 62
1872 78
1873 29
1874 45
1875 19
1876 31
1877 94
1878 24
1879 50
1880 57
1881 67
1882 42
1883 40
1884 23
1885 76
1886 69
1887 33
1888 1
1889 50
1890 32
1891 100
1892 18
1893 87
1894 46
1895 19
1896 10
1897 39
1898 13
1899 55
1900 99
1901 35
1902 47
1903 66
1904 94
1905 56
1906 82
1907 37
1908 54
1909 39
1910 32
1911 53
1912 26
1913 89
1914 68
1915 17
1916 41
1917 86
1918 84
1919 29
1920 12
1921 99
1922 8
1923 35
1924 71
1925 89
1926 23
1927 15
1928 36
1929 4
1930 25
1931 79
1932 93
1933 75
1934 65
1935 8
1936 60
1937 84
1938 44
1939 7
1940 86
1941 72
1942 75
1943 60
1944 2
1945 45
1946 75
1947 76
1948 85
1949 20
1950 95
1951 35
1952 47
1953 100
1954 92
1955 8
1956 99
1957 5
1958 81
1959 70
1960 91
1961 82
1962 76
1963 17
1964 35
1965 28
1966 45
1967 94
1968 93
1969 95
1970 99
1971 72
1972 87
1973 59
1974 37
1975 87
1976 98
1977 53
1978 20
1979 91
1980 6
1981 78
1982 14
1983 42
1984 54
1985 53
1986 58
1987 95
1988 14
1989 29
1990 20
1991 62
1992 52
1993 97
1994 39
1995 90
1996 69
1997 7
1998 52
1999 23
2000 93
2001 36
2002 22
2003 41
2004 9
2005 50
2006 39
2007 50
2008 65
2009 49
2010 62
2011 10
2012 61
2013 3
2014 17
2015 1
2016 34
2017 19
2018 35
2019 80
2020 60
2021 50
2022 4
2023 1
2024 66
2025 13
2026 38
2027 45
2028 59
2029 12
2030 65
2031 42
2032 46
2033 63
2034 61
2035 26
2036 68
2037 2
2038 31
2039 29
2040 43
2041 43
2042 70
2043 27
2044 35
2045 53
2046 5
2047 98
2048 87
2049 89
2050 75
2051 69
2052 65
2053 24
2054 78
2055 49
2056 82
2057 55
2058 76
2059 15
2060 68
2061 51
2062 12
2063 77
2064 50
2065 93
2066 30
2067 54
2068 24
2069 98
2070 83
2071 40
2072 5
2073 61
2074 92
2075 39
2076 70
2077 86
2078 32
2079 84
2080 60
2081 79
2082 49
2083 45
2084 37
2085 6
2086 24
2087 92
2088 71
2089 94
2090 78
2091 75
2092 62
2093 55
2094 9
2095 63
2096 89
2097 45
2098 51
2099 54
2100 9
2101 69
2102 41
2103 19
2104 42
2105 50
2106 47
2107 76
2108 99
2109 7
2110 96
2111 82
2112 57
2113 78
2114 66
2115 98
2116 95
2117 18
2118 32
2119 37
2120 13
2121 30
2122 24
2123 18
2124 31
2125 53
2126 88
2127 31
2128 66
2129 99
2130 16
2131 9
2132 63
2133 34
2134 63
2135 42
2136 91
2137 51
2138 88
2139 30
2140 62
2141 35
2142 44
2143 86
2144 75
2145 81
2146 21
2147 100
2148 97
2149 18
2150 13
2151 67
2152 37
2153 16
2154 1
2155 4
2156 73
2157 41
2158 86
2159 71
2160 13
2161 8
2162 7
2163 100
2164 45
2165 42
2166 36
2167 57
2168 91
2169 26
2170 79
2171 32
2172 79
2173 68
2174 12
2175 23
2176 5
2177 60
2178 51
2179 24
2180 33
2181 51
2182 55
2183 64
2184 58
2185 71
2186 58
2187 68
2188 14
2189 3
2190 65
2191 6
2192 87
2193 98
2194 82
2195 50
2196 45
2197 9
2198 65
2199 16
2200 58
2201 37
2202 83
2203 95
2204 94
2205 80
2206 8
2207 21
2208 15
2209 27
2210 88
2211 29
2212 41
2213 68
2214 75
2215 35
2216 25
2217 19
2218 63
2219 58
2220 80
2221 82
2222 87
2223 56
2224 47
2225 87
2226 61
2227 8
2228 33
2229 38
2230 44
2231 4
2232 25
2233 11
2234 45
2235 50
2236 58
2237 12
2238 20
2239 88
2240 2
2241 55
2242 24
2243 45
2244 27
2245 55
2246 95
2247 71
2248 69
2249 84
2250 7
2251 31
2252 45
2253 60
2254 31
2255 45
2256 86
2257 59
2258 98
2259 5
2260 18
2261 11
2262 47
2263 27
2264 88
2265 21
2266 56
2267 54
2268 37
2269 91
2270 65
2271 44
2272 73
2273 3
2274 46
2275 41
2276 100
2277 38
2278 85
2279 6
2280 7
2281 79
2282 91
2283 63
2284 62
2285 7
2286 61
2287 61
2288 59
2289 64
2290 31
2291 78
2292 68
2293 14
2294 68
2295 50
2296 85
2297 74
2298 14
2299 26
2300 18
2301 47
2302 13
2303 28
2304 25
2305 67
2306 55
2307 35
2308 33
2309 62
2310 60
2311 99
2312 50
2313 35
2314 91
2315 85
2316 87
2317 32
2318 85
2319 4
2320 42
2321 20
2322 84
2323 66
2324 3
2325 8
2326 53
2327 73
2328 82
2329 70
2330 85
2331 75
2332 16
2333 6
2334 2
2335 78
2336 93
2337 56
2338 62
2339 27
2340 56
2341 19
2342 100
2343 18
2344 14
2345 96
2346 38
2347 93
2348 48
2349 30
2350 67
2351 29
2352 96
2353 10
2354 39
2355 98
2356 23
2357 13
2358 93
2359 41
2360 79
2361 49
2362 53
2363 92
2364 8
2365 45
2366 87
2367 13
2368 17
2369 65
2370 88
2371 76
2372 6
2373 21
2374 89
2375 51
2376 92
2377 90
2378 9
2379 45
2380 68
2381 75
2382 24
2383 46
2384 28
2385 87
2386 6
2387 73
2388 8
2389 36
2390 28
2391 12
2392 71
2393 28
2394 11
2395 78
2396 51
2397 92
2398 16
2399 81
2400 82
2401 22
2402 17
2403 15
2404 54
2405 27
2406 59
2407 78
2408 11
2409 10
2410 23
2411 62
2412 69
2413 21
2414 31
2415 51
2416 31
2417 42
2418 81
2419 44
2420 38
2421 66
2422 83
2423 76
2424 58
2425 58
2426 43
2427 65
2428 23
2429 59
2430 45
2431 2
2432 84
2433 7
2434 53
2435 55
2436 70
2437 82
2438 2
2439 55
2440 71
2441 83
2442 26
2443 79
2444 30
2445 45
2446 67
2447 6
2448 64
2449 51
2450 29
2451 55
2452 53
2453 76
2454 16
2455 71
2456 69
2457 31
2458 13
2459 88
2460 65
2461 37
2462 43
2463 36
2464 17
2465 77
2466 3
2467 5
2468 21
2469 98
2470 11
2471 6
2472 13
2473 54
2474 7
2475 57
2476 34
2477 7
2478 10
2479 76
2480 71
2481 2
2482 70
2483 69
2484 72
2485 19
2486 37
2487 59
2488 63
2489 67
2490 24
2491 71
2492 33
2493 31
2494 60
2495 92
2496 35
2497 59
2498 47
2499 12
2500 26
2501 31
2502 57
2503 99
2504 5
2505 89
2506 53
2507 27
2508 23
2509 74
2510 72
2511 49
2512 29
2513 7
2514 36
2515 98
2516 5
2517 46
2518 93
2519 98
2520 93
2521 31
2522 97
2523 15
2524 3
2525 93
2526 54
2527 4
2528 34
2529 69
2530 23
2531 1
2532 87
2533 89
2534 12
2535 14
2536 73
2537 2
2538 18
2539 90
2540 19
2541 52
2542 87
2543 5
2544 25
2545 31
2546 78
2547 83
2548 78
2549 31
2550 84
2551 66
2552 25
2553 90
2554 19
2555 28
2556 42
2557 27
2558 88
2559 65
2560 5
2561 79
2562 81
2563 79
2564 2
2565 55
2566 64
2567 87
2568 59
2569 64
2570 83
2571 93
2572 79
2573 99
2574 40
2575 24
2576 92
2577 57
2578 57
2579 68
2580 37
2581 24
2582 30
2583 93
2584 2
2585 45
2586 48
2587 89
2588 72
2589 96
2590 58
2591 75
2592 64
2593 18
2594 73
2595 11
2596 28
2597 82
2598 61
2599 14
2600 91
2601 8
2602 96
2603 14
2604 7
2605 52
2606 52
2607 14
2608 49
2609 74
2610 9
2611 76
2612 32
2613 55
2614 15
2615 77
2616 86
2617 18
2618 61
2619 31
2620 56
2621 70
2622 64
2623 22
2624 64
2625 21
2626 65
2627 84
2628 34
2629 6
2630 67
2631 27
2632 100
2633 92
2634 92
2635 21
2636 91
2637 54
2638 46
2639 96
2640 100
2641 100
2642 65
2643 88
2644 24
2645 100
2646 72
2647 36
2648 1
2649 99
2650 41
2651 61
2652 77
2653 79
2654 67
2655 59
2656 100
2657 16
2658 19
2659 15
2660 74
2661 71
2662 75
2663 74
2664 14
2665 3
2666 91
2667 99
2668 7
2669 23
2670 74
2671 20
2672 66
2673 29
2674 6
2675 7
2676 73
2677 1
2678 35
2679 16
2680 19
2681 43
2682 50
2683 12
2684 45
2685 4
2686 5
2687 52
2688 21
2689 96
2690 44
2691 28
2692 33
2693 84
2694 95
2695 71
2696 22
2697 2
2698 35
2699 83
2700 99
2701 33
2702 80
2703 7
2704 82
2705 5
2706 31
2707 42
2708 87
2709 80
2710 18
2711 48
2712 85
2713 99
2714 69
2715 15
2716 34
2717 64
2718 32
2719 66
2720 98
2721 44
2722 43
2723 90
2724 63
2725 34
2726 5
2727 58
2728 75
2729 78
2730 38
2731 26
2732 23
2733 29
2734 64
2735 94
2736 9
2737 74
2738 5
2739 64
2740 66
2741 34
2742 84
2743 7
2744 79
2745 21
2746 97
2747 11
2748 49
2749 9
2750 55
2751 34
2752 59
2753 40
2754 5
2755 9
2756 8
2757 77
2758 60
2759 84
2760 14
2761 92
2762 41
2763 20
2764 7
2765 59
2766 42
2767 59
2768 58
2769 26
2770 92
2771 38
2772 14
2773 15
2774 17
2775 83
2776 75
2777 11
2778 79
2779 35
2780 38
2781 1
2782 78
2783 54
2784 69
2785 57
2786 53
2787 42
2788 31
2789 97
2790 80
2791 47
2792 22
2793 63
2794 27
2795 88
2796 42
2797 47
2798 55
2799 79
2800 9
2801 48
2802 28
2803 27
2804 66
2805 75
2806 57
2807 39
2808 48
2809 61
2810 99
2811 96
2812 17
2813 77
2814 21
2815 83
2816 3
2817 57
2818 37
2819 21
2820 98
2821 74
2822 34
2823 48
2824 71
2825 68
2826 77
2827 51
2828 86
2829 64
2830 13
2831 83
2832 71
2833 61
2834 32
2835 20
2836 16
2837 21
2838 28
2839 23
2840 99
2841 53
2842 81
2843 5
2844 98
2845 97
2846 16
2847 94
2848 21
2849 18
2850 15
2851 69
2852 43
2853 35
2854 56
2855 7
2856 74
2857 66
2858 55
2859 100
2860 33
2861 59
2862 6
2863 97
2864 12
2865 95
2866 92
2867 44
2868 99
2869 19
2870 11
2871 47
2872 6
2873 73
2874 24
2875 71
2876 25
2877 100
2878 7
2879 81
2880 92
2881 64
2882 15
2883 10
2884 72
2885 69
2886 20
2887 61
2888 86
2889 89
2890 69
2891 95
2892 12
2893 84
2894 85
2895 47
2896 82
2897 32
2898 70
2899 68
2900 98
2901 3
2902 93
2903 47
2904 37
2905 88
2906 96
2907 97
2908 26
2909 15
2910 59
2911 94
2912 12
2913 13
2914 15
2915 10
2916 7
2917 56
2918 76
2919 96
2920 80
2921 25
2922 70
2923 29
2924 100
2925 11
2926 59
2927 91
2928 83
2929 27
2930 40
2931 80
2932 54
2933 53
2934 45
2935 6
2936 15
2937 75
2938 51
2939 20
2940 4
2941 39
2942 15
2943 99
2944 20
2945 3
2946 33
2947 98
2948 77
2949 64
2950 6
2951 22
2952 39
2953 38
2954 30
2955 6
2956 7
2957 19
2958 86
2959 63
2960 7
2961 17
2962 27
2963 82
2964 67
2965 23
2966 73
2967 86
2968 32
2969 56
2970 3
2971 36
2972 5
2973 33
2974 43
2975 38
2976 16
2977 61
2978 21
2979 85
2980 75
2981 28
2982 97
2983 89
2984 47
2985 45
2986 95
2987 89
2988 70
2989 14
2990 99
2991 93
2992 13
2993 45
2994 70
2995 13
2996 50
2997 11
2998 93
2999 38
3000 96
3001 65
3002 32
3003 80
3004 79
3005 76
3006 47
3007 98
3008 76
3009 16
3010 12
3011 56
3012 27
3013 37
3014 18
3015 43
3016 97
3017 41
3018 23
3019 67
3020 89
3021 54
3022 95
3023 3
3024 97
3025 19
3026 82
3027 99
3028 85
3029 66
3030 43
3031 38
3032 20
3033 42
3034 56
3035 24
3036 100
3037 23
3038 83
3039 86
3040 57
3041 98
3042 94
3043 18
3044 86
3045 39
3046 79
3047 18
3048 28
3049 63
3050 50
3051 88
3052 59
3053 28
3054 1
3055 56
3056 44
3057 59
3058 39
3059 9
3060 36
3061 16
3062 72
3063 18
3064 100
3065 13
3066 9
3067 17
3068 62
3069 97
3070 39
3071 24
3072 15
3073 81
3074 11
3075 56
3076 72
3077 22
3078 37
3079 16
3080 97
3081 58
3082 54
3083 2
3084 46
3085 83
3086 53
3087 43
3088 57
3089 54
3090 60
3091 66
3092 5
3093 37
3094 1
3095 34
3096 51
3097 16
3098 100
3099 83
3100 46
3101 75
3102 20
3103 35
3104 1
3105 69
3106 46
3107 53
3108 40
3109 54
3110 85
3111 31
3112 75
3113 97
3114 57
3115 44
3116 45
3117 49
3118 63
3119 86
3120 36
3121 7
3122 26
3123 42
3124 39
3125 97
3126 5
3127 67
3128 57
3129 46
3130 92
3131 77
3132 80
3133 41
3134 92
3135 94
3136 27
3137 12
3138 12
3139 27
3140 4
3141 58
3142 34
3143 57
3144 19
3145 35
3146 11
3147 96
3148 11
3149 16
3150 35
3151 4
3152 86
3153 58
3154 77
3155 22
3156 46
3157 35
3158 92
3159 31
3160 95
3161 96
3162 30
3163 92
3164 36
3165 6
3166 37
3167 95
3168 6
3169 32
3170 36
3171 58
3172 75
3173 87
3174 40
3175 93
3176 92
3177 61
3178 26
3179 10
3180 6
3181 61
3182 78
3183 57
3184 47
3185 39
3186 8
3187 42
3188 1
3189 20
3190 46
3191 35
3192 20
3193 20
3194 65
3195 83
3196 42
3197 44
3198 70
3199 13
3200 73
3201 68
3202 48
3203 67
3204 64
3205 33
3206 59
3207 78
3208 82
3209 61
3210 40
3211 67
3212 4
3213 27
3214 50
3215 60
3216 34
3217 47
3218 88
3219 49
3220 62
3221 88
3222 95
3223 51
3224 8
3225 4
3226 67
3227 63
3228 94
3229 21
3230 47
3231 28
3232 52
3233 29
3234 9
3235 54
3236 1
3237 44
3238 59
3239 22
3240 77
3241 66
3242 33
3243 71
3244 2
3245 48
3246 37
3247 15
3248 47
3249 5
3250 89
3251 92
3252 79
3253 74
3254 15
3255 63
3256 96
3257 35
3258 82
3259 7
3260 32
3261 14
3262 65
3263 20
3264 88
3265 25
3266 18
3267 90
3268 8
3269 19
3270 5
3271 76
3272 3
3273 1
3274 95
3275 89
3276 41
3277 30
3278 30
3279 17
3280 62
3281 97
3282 62
3283 78
3284 73
3285 52
3286 11
3287 4
3288 91
3289 50
3290 90
3291 52
3292 71
3293 74
3294 78
3295 44
3296 60
3297 58
3298 13
3299 99
3300 6
3301 68
3302 40
3303 79
3304 45
3305 24
3306 99
3307 37
3308 67
3309 22
3310 33
3311 18
3312 76
3313 84
3314 4
3315 8
3316 29
3317 80
3318 70
3319 96
3320 2
3321 20
3322 93
3323 53
3324 1
3325 7
3326 16
3327 98
3328 93
3329 19
3330 39
3331 6
3332 3
3333 85
3334 67
3335 69
3336 9
3337 29
3338 96
3339 68
3340 93
3341 8
3342 2
3343 38
3344 21
3345 37
3346 7
3347 22
3348 81
3349 63
3350 87
3351 48
3352 32
3353 21
3354 52
3355 3
3356 56
3357 67
3358 26
3359 69
3360 34
3361 77
3362 7
3363 47
3364 27
3365 55
3366 52
3367 61
3368 38
3369 23
3370 80
3371 70
3372 47
3373 64
3374 85
3375 13
3376 59
3377 72
3378 38
3379 98
3380 70
3381 1
3382 40
3383 8
3384 38
3385 37
3386 74
3387 45
3388 98
3389 67
3390 100
3391 97
3392 7
3393 95
3394 94
3395 89
3396 10
3397 9
3398 82
3399 19
3400 33
3401 27
3402 8
3403 42
3404 72
3405 57
3406 11
3407 47
3408 41
3409 90
3410 70
3411 43
3412 15
3413 65
3414 21
3415 93
3416 7
3417 41
3418 29
3419 100
3420 49
3421 43
3422 34
3423 62
3424 29
3425 1
3426 60
3427 5
3428 24
3429 25
3430 10
3431 75
3432 85
3433 44
3434 72
3435 45
3436 18
3437 13
3438 15
3439 52
3440 60
3441 1
3442 87
3443 23
3444 38
3445 68
3446 96
3447 5
3448 3
3449 80
3450 74
3451 88
3452 30
3453 87
3454 76
3455 4
3456 56
3457 3
3458 93
3459 34
3460 5
3461 13
3462 74
3463 33
3464 47
3465 2
3466 23
3467 46
3468 76
3469 50
3470 68
3471 88
3472 82
3473 95
3474 36
3475 66
3476 70
3477 94
3478 10
3479 78
3480 31
3481 22
3482 57
3483 68
3484 25
3485 94
3486 58
3487 15
3488 54
3489 22
3490 84
3491 61
3492 16
3493 10
3494 92
3495 57
3496 26
3497 77
3498 18
3499 54
3500 5
3501 48
3502 4
3503 51
3504 27
3505 56
3506 54
3507 89
3508 91
3509 31
3510 100
3511 26
3512 2
3513 7
3514 69
3515 24
3516 14
3517 65
3518 53
3519 44
3520 97
3521 93
3522 57
3523 53
3524 43
3525 55
3526 50
3527 59
3528 66
3529 14
3530 52
3531 12
3532 79
3533 97
3534 38
3535 93
3536 5
3537 86
3538 1
3539 36
3540 84
3541 19
3542 45
3543 51
3544 40
3545 60
3546 7
3547 9
3548 61
3549 84
3550 24
3551 89
3552 65
3553 88
3554 54
3555 71
3556 40
3557 58
3558 30
3559 15
3560 52
3561 56
3562 7
3563 5
3564 72
3565 3
3566 83
3567 66
3568 35
3569 51
3570 100
3571 66
3572 23
3573 45
3574 93
3575 51
3576 34
3577 20
3578 86
3579 35
3580 66
3581 43
3582 54
3583 83
3584 49
3585 40
3586 57
3587 14
3588 97
3589 33
3590 79
3591 77
3592 83
3593 55
3594 48
3595 88
3596 13
3597 87
3598 65
3599 71
3600 42
3601 30
3602 52
3603 83
3604 90
3605 55
3606 64
3607 28
3608 72
3609 16
3610 51
3611 33
3612 60
3613 93
3614 66
3615 38
3616 97
3617 99
3618 23
3619 11
3620 64
3621 89
3622 14
3623 29
3624 55
3625 95
3626 94
3627 34
3628 14
3629 53
3630 78
3631 90
3632 96
3633 36
3634 48
3635 69
3636 2
3637 54
3638 30
3639 44
3640 20
3641 62
3642 30
3643 60
3644 25
3645 48
3646 61
3647 2
3648 58
3649 43
3650 59
3651 41
3652 50
3653 58
3654 21
3655 63
3656 85
3657 5
3658 19
3659 42
3660 47
3661 77
3662 93
3663 96
3664 37
3665 23
3666 5
3667 65
3668 35
3669 85
3670 28
3671 41
3672 57
3673 68
3674 67
3675 59
3676 52
3677 6
3678 8
3679 28
3680 27
3681 60
3682 2
3683 41
3684 19
3685 24
3686 93
3687 19
3688 45
3689 60
3690 24
3691 29
3692 76
3693 27
3694 14
3695 53
3696 76
3697 49
3698 11
3699 97
3700 5
3701 51
3702 40
3703 90
3704 24
3705 33
3706 81
3707 70
3708 72
3709 36
3710 56
3711 26
3712 85
3713 88
3714 100
3715 47
3716 11
3717 82
3718 67
3719 45
3720 53
3721 96
3722 64
3723 11
3724 69
3725 2
3726 13
3727 30
3728 49
3729 9
3730 22
3731 13
3732 48
3733 95
3734 12
3735 74
3736 43
3737 86
3738 69
3739 71
3740 94
3741 73
3742 35
3743 21
3744 87
3745 93
3746 72
3747 30
3748 30
3749 18
3750 18
3751 14
3752 68
3753 18
3754 80
3755 83
3756 18
3757 59
3758 38
3759 89
3760 32
3761 92
3762 85
3763 44
3764 36
3765 34
3766 87
3767 95
3768 1
3769 1
3770 54
3771 27
3772 78
3773 75
3774 91
3775 62
3776 53
3777 74
3778 59
3779 54
3780 32
3781 94
3782 50
3783 4
3784 75
3785 37
3786 80
3787 37
3788 95
3789 94
3790 1
3791 35
3792 71
3793 65
3794 65
3795 91
3796 29
3797 64
3798 37
3799 40
3800 55
3801 100
3802 89
3803 1
3804 1
3805 44
3806 95
3807 39
3808 96
3809 80
3810 73
3811 40
3812 33
3813 14
3814 59
3815 100
3816 48
3817 33
3818 80
3819 78
3820 55
3821 22
3822 59
3823 9
3824 11
3825 4
3826 37
3827 50
3828 83
3829 97
3830 98
3831 9
3832 96
3833 47
3834 18
3835 66
3836 97
3837 13
3838 3
3839 65
3840 63
3841 98
3842 97
3843 96
3844 37
3845 64
3846 61
3847 54
3848 3
3849 46
3850 59
3851 30
3852 88
3853 65
3854 98
3855 13
3856 50
3857 73
3858 86
3859 71
3860 49
3861 80
3862 47
3863 85
3864 85
3865 4
3866 84
3867 13
3868 23
3869 90
3870 39
3871 61
3872 58
3873 96
3874 40
3875 89
3876 23
3877 2
3878 77
3879 63
3880 94
3881 61
3882 1
3883 72
3884 8
3885 69
3886 76
3887 1
3888 95
3889 65
3890 76
3891 45
3892 49
3893 98
3894 6
3895 6
3896 61
3897 57
3898 24
3899 88
3900 30
3901 70
3902 8
3903 49
3904 18
3905 98
3906 17
3907 68
3908 33
3909 33
3910 37
3911 57
3912 96
3913 9
3914 68
3915 41
3916 40
3917 51
3918 28
3919 95
3920 31
3921 87
3922 23
3923 14
3924 13
3925 59
3926 17
3927 91
3928 92
3929 45
3930 50
3931 99
3932 84
3933 7
3934 52
3935 7
3936 55
3937 60
3938 26
3939 100
3940 97
3941 97
3942 15
3943 9
3944 2
3945 46
3946 50
3947 56
3948 61
3949 70
3950 7
3951 21
3952 41
3953 55
3954 78
3955 86
3956 58
3957 47
3958 3
3959 24
3960 83
3961 89
3962 2
3963 67
3964 56
3965 99
3966 41
3967 21
3968 8
3969 75
3970 17
3971 57
3972 4
3973 26
3974 98
3975 96
3976 10
3977 89
3978 40
3979 42
3980 9
3981 72
3982 35
3983 9
3984 57
3985 42
3986 41
3987 18
3988 37
3989 30
3990 48
3991 69
3992 6
3993 99
3994 47
3995 44
3996 53
3997 83
3998 82
3999 69
4000 29
4001 71
4002 10
4003 85
4004 90
4005 23
4006 94
4007 40
4008 36
4009 97
4010 65
4011 50
4012 81
4013 47
4014 89
4015 73
4016 100
4017 18
4018 14
4019 10
4020 4
4021 79
4022 8
4023 18
4024 31
4025 29
4026 21
4027 69
4028 73
4029 46
4030 27
4031 30
4032 50
4033 58
4034 26
4035 61
4036 95
4037 54
4038 99
4039 3
4040 3
4041 50
4042 10
4043 69
4044 73
4045 96
4046 94
4047 51
4048 90
4049 26
4050 71
4051 85
4052 76
4053 79
4054 55
4055 11
4056 52
4057 95
4058 30
4059 98
4060 54
4061 6
4062 68
4063 23
4064 100
4065 14
4066 49
4067 32
4068 75
4069 13
4070 82
4071 43
4072 67
4073 68
4074 59
4075 66
4076 60
4077 31
4078 85
4079 25
4080 17
4081 7
4082 57
4083 95
4084 9
4085 18
4086 90
4087 80
4088 53
4089 95
4090 8
4091 24
4092 41
4093 85
4094 46
4095 58
4096 19
4097 98
4098 95
4099 44
4100 38
4101 60
4102 65
4103 54
4104 8
4105 96
4106 83
4107 42
4108 96
4109 32
4110 66
4111 10
4112 24
4113 82
4114 71
4115 37
4116 90
4117 12
4118 35
4119 77
4120 45
4121 59
4122 63
4123 15
4124 51
4125 20
4126 15
4127 26
4128 22
4129 22
4130 43
4131 53
4132 80
4133 73
4134 58
4135 38
4136 71
4137 5
4138 99
4139 56
4140 16
4141 62
4142 5
4143 6
4144 92
4145 8
4146 42
4147 3
4148 25
4149 44
4150 12
4151 70
4152 92
4153 74
4154 77
4155 34
4156 50
4157 59
4158 25
4159 10
4160 57
4161 6
4162 42
4163 36
4164 1
4165 6
4166 8
4167 29
4168 12
4169 23
4170 7
4171 73
4172 23
4173 14
4174 30
4175 28
4176 43
4177 49
4178 34
4179 52
4180 89
4181 20
4182 84
4183 75
4184 70
4185 65
4186 24
4187 98
4188 43
4189 1
4190 47
4191 4
4192 21
4193 71
4194 84
4195 56
4196 68
4197 5
4198 67
4199 94
4200 46
4201 43
4202 18
4203 56
4204 91
4205 84
4206 78
4207 6
4208 100
4209 79
4210 90
4211 5
4212 61
4213 14
4214 39
4215 57
4216 21
4217 34
4218 72
4219 62
4220 2
4221 24
4222 33
4223 31
4224 61
4225 28
4226 24
4227 58
4228 51
4229 36
4230 27
4231 32
4232 53
4233 84
4234 53
4235 10
4236 46
4237 64
4238 71
4239 3
4240 8
4241 80
4242 31
4243 13
4244 71
4245 23
4246 33
4247 10
4248 6
4249 55
4250 31
4251 71
4252 74
4253 86
4254 95
4255 31
4256 81
4257 54
4258 91
4259 58
4260 72
4261 43
4262 52
4263 9
4264 34
4265 90
4266 28
4267 63
4268 89
4269 66
4270 19
4271 47
4272 70
4273 43
4274 1
4275 97
4276 45
4277 50
4278 91
4279 67
4280 79
4281 43
4282 35
4283 64
4284 37
4285 84
4286 93
4287 48
4288 90
4289 60
4290 12
4291 51
4292 17
4293 24
4294 63
4295 28
4296 24
4297 53
4298 18
4299 78
4300 29
4301 13
4302 33
4303 6
4304 83
4305 68
4306 43
4307 68
4308 1
4309 57
4310 43
4311 40
4312 91
4313 63
4314 36
4315 38
4316 54
4317 86
4318 32
4319 81
4320 59
4321 53
4322 72
4323 81
4324 8
4325 9
4326 34
4327 97
4328 7
4329 94
4330 52
4331 39
4332 100
4333 18
4334 17
4335 51
4336 90
4337 84
4338 86
4339 63
4340 45
4341 6
4342 35
4343 66
4344 31
4345 62
4346 15
4347 60
4348 100
4349 55
4350 58
4351 88
4352 17
4353 84
4354 83
4355 21
4356 86
4357 87
4358 67
4359 27
4360 44
4361 28
4362 37
4363 88
4364 19
4365 77
4366 31
4367 24
4368 99
4369 42
4370 30
4371 5
4372 66
4373 86
4374 22
4375 59
4376 14
4377 56
4378 20
4379 35
4380 37
4381 20
4382 85
4383 48
4384 43
4385 38
4386 44
4387 7
4388 79
4389 18
4390 69
4391 84
4392 31
4393 99
4394 15
4395 38
4396 53
4397 90
4398 71
4399 44
4400 3
4401 94
4402 2
4403 99
4404 92
4405 16
4406 72
4407 20
4408 20
4409 81
4410 7
4411 82
4412 95
4413 17
4414 48
4415 89
4416 61
4417 69
4418 17
4419 46
4420 91
4421 98
4422 40
4423 7
4424 42
4425 75
4426 100
4427 55
4428 20
4429 12
4430 30
4431 59
4432 9
4433 56
4434 31
4435 80
4436 35
4437 78
4438 33
4439 78
4440 6
4441 42
4442 11
4443 66
4444 67
4445 26
4446 51
4447 59
4448 40
4449 20
4450 23
4451 79
4452 10
4453 54
4454 52
4455 36
4456 7
4457 93
4458 92
4459 15
4460 83
4461 68
4462 59
4463 49
4464 90
4465 77
4466 12
4467 13
4468 86
4469 86
4470 33
4471 55
4472 68
4473 90
4474 89
4475 79
4476 58
4477 7
4478 90
4479 78
4480 20
4481 87
4482 21
4483 97
4484 71
4485 59
4486 10
4487 19
4488 50
4489 36
4490 36
4491 45
4492 98
4493 10
4494 81
4495 22
4496 81
4497 16
4498 15
4499 78
4500 83
4501 33
4502 45
4503 20
4504 100
4505 85
4506 9
4507 79
4508 38
4509 55
4510 70
4511 70
4512 59
4513 23
4514 9
4515 37
4516 88
4517 9
4518 4
4519 16
4520 18
4521 81
4522 36
4523 30
4524 44
4525 86
4526 46
4527 55
4528 98
4529 21
4530 22
4531 74
4532 93
4533 75
4534 55
4535 50
4536 93
4537 43
4538 38
4539 33
4540 60
4541 51
4542 41
4543 27
4544 15
4545 31
4546 48
4547 66
4548 48
4549 16
4550 56
4551 31
4552 51
4553 14
4554 76
4555 49
4556 66
4557 84
4558 77
4559 22
4560 10
4561 53
4562 53
4563 5
4564 31
4565 84
4566 21
4567 87
4568 8
4569 77
4570 69
4571 23
4572 67
4573 55
4574 81
4575 14
4576 32
4577 3
4578 57
4579 53
4580 62
4581 83
4582 53
4583 44
4584 54
4585 69
4586 99
4587 47
4588 49
4589 59
4590 79
4591 44
4592 32
4593 31
4594 37
4595 76
4596 11
4597 51
4598 54
4599 9
4600 79
4601 50
4602 93
4603 42
4604 41
4605 31
4606 53
4607 97
4608 65
4609 48
4610 41
4611 17
4612 52
4613 92
4614 67
4615 71
4616 66
4617 1
4618 90
4619 15
4620 75
4621 80
4622 66
4623 41
4624 9
4625 59
4626 50
4627 27
4628 47
4629 49
4630 78
4631 83
4632 5
4633 39
4634 11
4635 53
4636 17
4637 55
4638 61
4639 61
4640 62
4641 53
4642 88
4643 31
4644 12
4645 97
4646 30
4647 32
4648 64
4649 55
4650 20
4651 46
4652 17
4653 11
4654 24
4655 33
4656 76
4657 25
4658 68
4659 25
4660 12
4661 54
4662 66
4663 92
4664 91
4665 14
4666 43
4667 56
4668 90
4669 78
4670 13
4671 10
4672 96
4673 98
4674 37
4675 90
4676 79
4677 15
4678 75
4679 31
4680 23
4681 89
4682 82
4683 52
4684 23
4685 44
4686 28
4687 32
4688 77
4689 42
4690 82
4691 47
4692 50
4693 66
4694 60
4695 94
4696 24
4697 65
4698 29
4699 61
4700 2
4701 57
4702 54
4703 49
4704 78
4705 99
4706 81
4707 27
4708 73
4709 9
4710 40
4711 56
4712 27
4713 34
4714 44
4715 100
4716 41
4717 38
4718 34
4719 79
4720 45
4721 45
4722 61
4723 20
4724 26
4725 33
4726 54
4727 51
4728 97
4729 3
4730 68
4731 97
4732 11
4733 36
4734 42
4735 88
4736 89
4737 57
4738 80
4739 18
4740 94
4741 5
4742 51
4743 40
4744 1
4745 71
4746 10
4747 70
4748 7
4749 10
4750 58
4751 84
4752 27
4753 90
4754 4
4755 53
4756 93
4757 58
4758 74
4759 41
4760 69
4761 1
4762 65
4763 6
4764 91
4765 6
4766 99
4767 8
4768 96
4769 26
4770 65
4771 10
4772 82
4773 17
4774 39
4775 33
4776 68
4777 21
4778 75
4779 71
4780 1
4781 64
4782 52
4783 92
4784 40
4785 18
4786 28
4787 17
4788 2
4789 22
4790 66
4791 43
4792 12
4793 65
4794 99
4795 64
4796 16
4797 17
4798 55
4799 81
4800 71
4801 49
4802 49
4803 59
4804 49
4805 6
4806 12
4807 48
4808 44
4809 77
4810 44
4811 79
4812 74
4813 84
4814 28
4815 84
4816 75
4817 100
4818 77
4819 81
4820 4
4821 49
4822 33
4823 97
4824 79
4825 5
4826 3
4827 74
4828 27
4829 7
4830 16
4831 84
4832 7
4833 3
4834 80
4835 66
4836 19
4837 92
4838 6
4839 57
4840 6
4841 82
4842 8
4843 53
4844 4
4845 70
4846 19
4847 14
4848 73
4849 56
4850 51
4851 88
4852 75
4853 3
4854 71
4855 42
4856 57
4857 65
4858 81
4859 13
4860 76
4861 37
4862 82
4863 95
4864 83
4865 22
4866 49
4867 47
4868 27
4869 98
4870 33
4871 69
4872 82
4873 57
4874 68
4875 93
4876 46
4877 73
4878 47
4879 12
4880 88
4881 14
4882 33
4883 35
4884 70
4885 59
4886 73
4887 44
4888 79
4889 55
4890 64
4891 25
4892 11
4893 59
4894 71
4895 28
4896 20
4897 73
4898 93
4899 41
4900 39
4901 54
4902 61
4903 54
4904 43
4905 77
4906 24
4907 48
4908 83
4909 82
4910 42
4911 8
4912 43
4913 35
4914 92
4915 53
4916 95
4917 18
4918 53
4919 22
4920 68
4921 77
4922 13
4923 65
4924 32
4925 8
4926 60
4927 37
4928 48
4929 4
4930 8
4931 97
4932 29
4933 18
4934 91
4935 41
4936 97
4937 34
4938 11
4939 6
4940 32
4941 73
4942 87
4943 28
4944 63
4945 74
4946 31
4947 79
4948 16
4949 84
4950 17
4951 28
4952 64
4953 46
4954 72
4955 77
4956 95
4957 58
4958 82
4959 28
4960 10
4961 60
4962 41
4963 6
4964 35
4965 35
4966 70
4967 39
4968 85
4969 64
4970 94
4971 82
4972 61
4973 74
4974 26
4975 62
4976 46
4977 63
4978 67
4979 77
4980 27
4981 97
4982 100
4983 90
4984 72
4985 3
4986 44
4987 42
4988 75
4989 39
4990 80
4991 67
4992 16
4993 12
4994 53
4995 64
4996 43
4997 32
4998 98
4999 46
5000 86
5001 59
5002 73
5003 13
5004 43
5005 33
5006 20
5007 92
5008 28
5009 82
5010 8
5011 22
5012 22
5013 25
5014 18
5015 92
5016 63
5017 54
5018 34
5019 43
5020 94
5021 8
5022 62
5023 8
5024 94
5025 96
5026 67
5027 29
5028 34
5029 23
5030 71
5031 4
5032 20
5033 76
5034 39
5035 58
5036 16
5037 29
5038 31
5039 60
5040 64
5041 48
5042 89
5043 58
5044 2
5045 51
5046 31
5047 58
5048 46
5049 41
5050 70
5051 97
5052 38
5053 4
5054 92
5055 77
5056 100
5057 28
5058 29
5059 42
5060 52
5061 90
5062 13
5063 91
5064 60
5065 50
5066 33
5067 78
5068 76
5069 27
5070 25
5071 28
5072 14
5073 36
5074 43
5075 38
5076 59
5077 84
5078 95
5079 96
5080 12
5081 16
5082 24
5083 28
5084 53
5085 37
5086 98
5087 12
5088 56
5089 85
5090 40
5091 70
5092 57
5093 66
5094 56
5095 97
5096 45
5097 98
5098 71
5099 40
5100 25
5101 63
5102 57
5103 99
5104 55
5105 83
5106 6
5107 14
5108 33
5109 16
5110 75
5111 90
5112 45
5113 17
5114 15
5115 95
5116 85
5117 73
5118 36
5119 8
5120 3
5121 34
5122 87
5123 47
5124 85
5125 71
5126 57
5127 52
5128 8
5129 67
5130 56
5131 21
5132 46
5133 80
5134 3
5135 8
5136 78
5137 7
5138 50
5139 37
5140 44
5141 31
5142 53
5143 40
5144 42
5145 74
5146 79
5147 35
5148 79
5149 41
5150 67
5151 76
5152 43
5153 7
5154 16
5155 81
5156 24
5157 20
5158 39
5159 78
5160 80
5161 5
5162 73
5163 88
5164 55
5165 72
5166 43
5167 89
5168 72
5169 34
5170 22
5171 95
5172 3
5173 80
5174 55
5175 2
5176 95
5177 38
5178 54
5179 99
5180 39
5181 1
5182 77
5183 58
5184 79
5185 9
5186 100
5187 25
5188 49
5189 7
5190 49
5191 41
5192 89
5193 72
5194 58
5195 2
5196 7
5197 17
5198 41
5199 57
5200 92
5201 3
5202 54
5203 50
5204 48
5205 13
5206 4
5207 44
5208 18
5209 22
5210 26
5211 3
5212 89
5213 77
5214 44
5215 49
5216 16
5217 71
5218 79
5219 10
5220 82
5221 90
5222 41
5223 83
5224 20
5225 28
5226 58
5227 75
5228 32
5229 76
5230 69
5231 55
5232 18
5233 11
5234 20
5235 83
5236 54
5237 4
5238 100
5239 86
5240 49
5241 96
5242 63
5243 29
5244 1
5245 40
5246 3
5247 25
5248 29
5249 45
5250 12
5251 29
5252 49
5253 14
5254 99
5255 63
5256 20
5257 86
5258 54
5259 2
5260 92
5261 21
5262 20
5263 1
5264 95
5265 77
5266 66
5267 25
5268 24
5269 1
5270 91
5271 52
5272 8
5273 82
5274 46
5275 30
5276 67
5277 23
5278 42
5279 82
5280 22
5281 79
5282 80
5283 42
5284 60
5285 51
5286 45
5287 100
5288 70
5289 25
5290 38
5291 71
5292 4
5293 87
5294 37
5295 2
5296 98
5297 81
5298 96
5299 45
5300 47
5301 62
5302 2
5303 27
5304 90
5305 43
5306 31
5307 37
5308 43
5309 90
5310 34
5311 39
5312 44
5313 62
5314 74
5315 40
5316 1
5317 88
5318 8
5319 8
5320 89
5321 14
5322 49
5323 15
5324 80
5325 52
5326 8
5327 50
5328 59
5329 51
5330 32
5331 86
5332 92
5333 73
5334 51
5335 45
5336 51
5337 76
5338 22
5339 83
5340 32
5341 9
5342 45
5343 30
5344 26
5345 13
5346 55
5347 23
5348 49
5349 62
5350 61
5351 10
5352 26
5353 3
5354 100
5355 10
5356 41
5357 30
5358 93
5359 37
5360 99
5361 100
5362 12
5363 49
5364 73
5365 48
5366 48
5367 15
5368 36
5369 28
5370 18
5371 71
5372 100
5373 47
5374 45
5375 30
5376 17
5377 8
5378 35
5379 24
5380 25
5381 49
5382 51
5383 46
5384 64
5385 90
5386 95
5387 15
5388 100
5389 22
5390 16
5391 75
5392 18
5393 14
5394 28
5395 65
5396 39
5397 41
5398 12
5399 58
5400 96
5401 63
5402 28
5403 47
5404 69
5405 37
5406 69
5407 63
5408 100
5409 15
5410 90
5411 19
5412 39
5413 21
5414 38
5415 31
5416 27
5417 14
5418 49
5419 46
5420 16
5421 39
5422 77
5423 68
5424 58
5425 60
5426 53
5427 40
5428 94
5429 32
5430 15
5431 76
5432 99
5433 89
5434 48
5435 83
5436 97
5437 83
5438 57
5439 89
5440 24
5441 43
5442 43
5443 27
5444 32
5445 78
5446 94
5447 31
5448 84
5449 68
5450 23
5451 65
5452 16
5453 7
5454 89
5455 60
5456 6
5457 71
5458 99
5459 70
5460 86
5461 51
5462 69
5463 14
5464 38
5465 51
5466 5
5467 16
5468 34
5469 49
5470 29
5471 88
5472 75
5473 59
5474 58
5475 29
5476 35
5477 91
5478 71
5479 97
5480 70
5481 23
5482 8
5483 29
5484 32
5485 52
5486 34
5487 55
5488 31
5489 5
5490 62
5491 84
5492 31
5493 56
5494 66
5495 65
5496 20
5497 20
5498 92
5499 81
5500 17
5501 3
5502 85
5503 52
5504 48
5505 16
5506 53
5507 52
5508 94
5509 78
5510 94
5511 73
5512 49
5513 43
5514 70
5515 12
5516 19
5517 39
5518 90
5519 5
5520 7
5521 1
5522 61
5523 53
5524 52
5525 84
5526 23
5527 35
5528 98
5529 8
5530 80
5531 63
5532 50
5533 72
5534 61
5535 41
5536 16
5537 56
5538 66
5539 57
5540 52
5541 84
5542 85
5543 67
5544 86
5545 60
5546 95
5547 98
5548 31
5549 24
5550 32
5551 22
5552 74
5553 87
5554 61
5555 26
5556 15
5557 51
5558 23
5559 18
5560 7
5561 35
5562 91
5563 94
5564 45
5565 62
5566 94
5567 91
5568 42
5569 73
5570 70
5571 91
5572 56
5573 84
5574 6
5575 23
5576 28
5577 23
5578 35
5579 31
5580 30
5581 34
5582 48
5583 54
5584 22
5585 92
5586 74
5587 3
5588 6
5589 97
5590 21
5591 44
5592 24
5593 98
5594 54
5595 57
5596 82
5597 94
5598 31
5599 83
5600 51
5601 91
5602 52
5603 3
5604 64
5605 17
5606 60
5607 29
5608 28
5609 67
5610 35
5611 37
5612 46
5613 63
5614 91
5615 89
5616 38
5617 62
5618 63
5619 51
5620 71
5621 57
5622 87
5623 71
5624 88
5625 12
5626 12
5627 52
5628 61
5629 95
5630 27
5631 23
5632 81
5633 4
5634 21
5635 16
5636 74
5637 10
5638 3
5639 65
5640 33
5641 64
5642 31
5643 23
5644 73
5645 17
5646 27
5647 27
5648 99
5649 80
5650 69
5651 79
5652 52
5653 76
5654 20
5655 85
5656 91
5657 58
5658 59
5659 53
5660 69
5661 8
5662 20
5663 68
5664 7
5665 6
5666 29
5667 63
5668 19
5669 16
5670 39
5671 91
5672 20
5673 30
5674 27
5675 31
5676 80
5677 5
5678 34
5679 65
5680 35
5681 31
5682 31
5683 10
5684 30
5685 82
5686 41
5687 92
5688 82
5689 30
5690 88
5691 81
5692 12
5693 60
5694 42
5695 30
5696 38
5697 40
5698 75
5699 87
5700 16
5701 71
5702 4
5703 75
5704 40
5705 74
5706 14
5707 5
5708 91
5709 78
5710 99
5711 17
5712 14
5713 93
5714 43
5715 40
5716 6
5717 19
5718 12
5719 70
5720 44
5721 14
5722 14
5723 86
5724 76
5725 100
5726 59
5727 65
5728 77
5729 18
5730 96
5731 45
5732 31
5733 55
5734 43
5735 2
5736 17
5737 47
5738 17
5739 98
5740 82
5741 78
5742 97
5743 40
5744 51
5745 49
5746 50
5747 71
5748 90
5749 83
5750 39
5751 69
5752 74
5753 89
5754 59
5755 12
5756 39
5757 88
5758 4
5759 90
5760 25
5761 9
5762 48
5763 77
5764 13
5765 7
5766 22
5767 90
5768 44
5769 81
5770 63
5771 73
5772 5
5773 71
5774 39
5775 47
5776 82
5777 79
5778 19
5779 100
5780 55
5781 13
5782 97
5783 68
5784 3
5785 92
5786 8
5787 46
5788 39
5789 16
5790 94
5791 43
5792 29
5793 80
5794 50
5795 38
5796 46
5797 20
5798 91
5799 24
5800 40
5801 89
5802 41
5803 35
5804 20
5805 54
5806 42
5807 68
5808 84
5809 92
5810 16
5811 14
5812 60
5813 98
5814 33
5815 19
5816 55
5817 25
5818 32
5819 93
5820 5
5821 7
5822 8
5823 13
5824 85
5825 19
5826 27
5827 92
5828 90
5829 38
5830 17
5831 48
5832 62
5833 46
5834 35
5835 68
5836 6
5837 35
5838 19
5839 100
5840 68
5841 66
5842 54
5843 74
5844 59
5845 78
5846 45
5847 69
5848 95
5849 46
5850 85
5851 36
5852 93
5853 78
5854 90
5855 73
5856 34
5857 10
5858 87
5859 8
5860 16
5861 85
5862 36
5863 26
5864 9
5865 32
5866 92
5867 59
5868 49
5869 86
5870 43
5871 76
5872 82
5873 43
5874 36
5875 3
5876 35
5877 61
5878 97
5879 100
5880 78
5881 99
5882 100
5883 72
5884 15
5885 13
5886 40
5887 13
5888 59
5889 86
5890 69
5891 30
5892 38
5893 61
5894 17
5895 23
5896 97
5897 59
5898 21
5899 68
5900 27
5901 30
5902 80
5903 94
5904 15
5905 19
5906 31
5907 19
5908 44
5909 34
5910 95
5911 59
5912 29
5913 54
5914 88
5915 72
5916 55
5917 84
5918 82
5919 43
5920 21
5921 34
5922 26
5923 97
5924 6
5925 53
5926 26
5927 81
5928 35
5929 8
5930 14
5931 81
5932 86
5933 88
5934 88
5935 72
5936 18
5937 44
5938 87
5939 14
5940 69
5941 2
5942 65
5943 46
5944 75
5945 89
5946 18
5947 89
5948 61
5949 67
5950 73
5951 57
5952 7
5953 38
5954 54
5955 78
5956 26
5957 70
5958 97
5959 37
5960 34
5961 42
5962 67
5963 19
5964 24
5965 76
5966 54
5967 32
5968 84
5969 28
5970 92
5971 1
5972 11
5973 65
5974 81
5975 53
5976 4
5977 67
5978 42
5979 23
5980 17
5981 37
5982 39
5983 33
5984 69
5985 99
5986 40
5987 80
5988 24
5989 44
5990 5
5991 80
5992 51
5993 53
5994 3
5995 76
5996 50
5997 94
5998 78
5999 88
6000 92
6001 43
6002 97
6003 75
6004 35
6005 47
6006 93
6007 56
6008 37
6009 57
6010 63
6011 37
6012 7
6013 99
6014 58
6015 65
6016 100
6017 24
6018 41
6019 88
6020 45
6021 43
6022 73
6023 88
6024 17
6025 6
6026 10
6027 64
6028 60
6029 21
6030 5
6031 14
6032 3
6033 83
6034 51
6035 61
6036 19
6037 8
6038 68
6039 50
6040 61
6041 73
6042 58
6043 79
6044 2
6045 69
6046 1
6047 95
6048 83
6049 25
6050 60
6051 1
6052 54
6053 22
6054 39
6055 15
6056 72
6057 32
6058 78
6059 30
6060 90
6061 15
6062 1
6063 92
6064 27
6065 22
6066 17
6067 71
6068 60
6069 31
6070 66
6071 1
6072 97
6073 65
6074 23
6075 18
6076 32
6077 75
6078 40
6079 93
6080 59
6081 86
6082 51
6083 100
6084 93
6085 22
6086 71
6087 67
6088 17
6089 27
6090 37
6091 43
6092 24
6093 50
6094 28
6095 8
6096 87
6097 91
6098 60
6099 56
6100 66
6101 45
6102 44
6103 84
6104 8
6105 33
6106 85
6107 70
6108 39
6109 60
6110 11
6111 13
6112 71
6113 100
6114 76
6115 52
6116 71
6117 55
6118 19
6119 10
6120 95
6121 71
6122 11
6123 90
6124 82
6125 66
6126 17
6127 84
6128 60
6129 78
6130 44
6131 8
6132 13
6133 74
6134 80
6135 87
6136 94
6137 67
6138 81
6139 38
6140 20
6141 69
6142 83
6143 42
6144 27
6145 54
6146 59
6147 98
6148 100
6149 37
6150 73
6151 70
6152 51
6153 85
6154 74
6155 48
6156 32
6157 17
6158 72
6159 31
6160 61
6161 24
6162 92
6163 48
6164 93
6165 22
6166 36
6167 55
6168 52
6169 61
6170 7
6171 6
6172 92
6173 22
6174 34
6175 11
6176 88
6177 64
6178 5
6179 81
6180 51
6181 20
6182 35
6183 77
6184 36
6185 44
6186 12
6187 73
6188 58
6189 61
6190 49
6191 64
6192 3
6193 72
6194 9
6195 44
6196 70
6197 84
6198 34
6199 42
6200 37
6201 50
6202 38
6203 40
6204 89
6205 23
6206 50
6207 26
6208 85
6209 35
6210 42
6211 58
6212 26
6213 7
6214 15
6215 93
6216 11
6217 20
6218 81
6219 96
6220 15
6221 56
6222 4
6223 49
6224 52
6225 66
6226 75
6227 83
6228 39
6229 53
6230 76
6231 13
6232 6
6233 43
6234 59
6235 29
6236 56
6237 56
6238 10
6239 78
6240 43
6241 70
6242 90
6243 100
6244 96
6245 27
6246 68
6247 80
6248 6
6249 42
6250 91
6251 53
6252 85
6253 8
6254 49
6255 5
6256 59
6257 27
6258 21
6259 34
6260 22
6261 37
6262 81
6263 100
6264 74
6265 42
6266 18
6267 11
6268 52
6269 80
6270 6
6271 3
6272 97
6273 25
6274 52
6275 76
6276 28
6277 84
6278 30
6279 9
6280 4
6281 85
6282 72
6283 13
6284 66
6285 17
6286 57
6287 40
6288 37
6289 33
6290 60
6291 32
6292 29
6293 72
6294 46
6295 55
6296 38
6297 89
6298 46
6299 70
6300 63
6301 44
6302 94
6303 53
6304 63
6305 44
6306 33
6307 18
6308 76
6309 14
6310 90
6311 12
6312 82
6313 77
6314 68
6315 43
6316 27
6317 73
6318 59
6319 2
6320 13
6321 62
6322 88
6323 78
6324 66
6325 18
6326 45
6327 62
6328 100
6329 95
6330 8
6331 57
6332 68
6333 12
6334 30
6335 71
6336 50
6337 44
6338 80
6339 37
6340 22
6341 37
6342 98
6343 52
6344 18
6345 26
6346 69
6347 77
6348 32
6349 2
6350 31
6351 2
6352 68
6353 90
6354 32
6355 15
6356 47
6357 70
6358 8
6359 90
6360 47
6361 65
6362 92
6363 21
6364 11
6365 44
6366 95
6367 31
6368 25
6369 76
6370 54
6371 65
6372 87
6373 88
6374 68
6375 27
6376 44
6377 77
6378 57
6379 56
6380 85
6381 61
6382 49
6383 10
6384 21
6385 71
6386 77
6387 88
6388 89
6389 25
6390 1
6391 9
6392 96
6393 6
6394 49
6395 74
6396 87
6397 99
6398 39
6399 24
6400 21
6401 56
6402 11
6403 75
6404 67
6405 64
6406 19
6407 56
6408 91
6409 77
6410 60
6411 34
6412 42
6413 90
6414 5
6415 61
6416 84
6417 3
6418 91
6419 60
6420 44
6421 55
6422 78
6423 4
6424 54
6425 94
6426 28
6427 30
6428 30
6429 7
6430 28
6431 22
6432 1
6433 1
6434 75
6435 11
6436 10
6437 41
6438 7
6439 7
6440 23
6441 26
6442 7
6443 59
6444 95
6445 49
6446 63
6447 39
6448 70
6449 13
6450 25
6451 72
6452 40
6453 84
6454 14
6455 36
6456 54
6457 73
6458 1
6459 44
6460 62
6461 74
6462 65
6463 21
6464 2
6465 82
6466 17
6467 72
6468 76
6469 6
6470 44
6471 20
6472 81
6473 44
6474 30
6475 58
6476 28
6477 29
6478 16
6479 92
6480 66
6481 30
6482 52
6483 52
6484 5
6485 76
6486 45
6487 59
6488 90
6489 92
6490 23
6491 98
6492 92
6493 40
6494 90
6495 77
6496 6
6497 59
6498 33
6499 67
6500 45
6501 73
6502 14
6503 58
6504 72
6505 16
6506 1
6507 8
6508 37
6509 40
6510 78
6511 92
6512 57
6513 77
6514 56
6515 23
6516 23
6517 22
6518 88
6519 90
6520 49
6521 58
6522 51
6523 96
6524 84
6525 67
6526 71
6527 62
6528 80
6529 4
6530 73
6531 27
6532 57
6533 36
6534 69
6535 19
6536 24
6537 37
6538 35
6539 48
6540 25
6541 8
6542 43
6543 47
6544 78
6545 94
6546 36
6547 65
6548 5
6549 51
6550 5
6551 78
6552 64
6553 51
6554 92
6555 79
6556 66
6557 5
6558 81
6559 20
6560 29
6561 18
6562 3
6563 65
6564 91
6565 84
6566 26
6567 2
6568 34
6569 20
6570 33
6571 87
6572 62
6573 77
6574 18
6575 97
6576 57
6577 97
6578 25
6579 67
6580 5
6581 67
6582 42
6583 77
6584 38
6585 47
6586 7
6587 67
6588 14
6589 28
6590 94
6591 87
6592 96
6593 40
6594 92
6595 36
6596 93
6597 93
6598 92
6599 3
6600 34
6601 79
6602 54
6603 8
6604 70
6605 57
6606 71
6607 19
6608 35
6609 50
6610 58
6611 85
6612 74
6613 74
6614 54
6615 65
6616 80
6617 55
6618 96
6619 75
6620 28
6621 2
6622 44
6623 12
6624 50
6625 94
6626 79
6627 97
6628 65
6629 18
6630 42
6631 58
6632 38
6633 76
6634 24
6635 8
6636 23
6637 18
6638 99
6639 71
6640 31
6641 90
6642 17
6643 38
6644 39
6645 87
6646 33
6647 28
6648 57
6649 50
6650 31
6651 83
6652 84
6653 7
6654 82
6655 37
6656 93
6657 80
6658 53
6659 95
6660 81
6661 88
6662 79
6663 71
6664 73
6665 6
6666 4
6667 74
6668 71
6669 45
6670 88
6671 26
6672 86
6673 40
6674 87
6675 74
6676 17
6677 15
6678 51
6679 28
6680 73
6681 81
6682 39
6683 4
6684 62
6685 93
6686 88
6687 95
6688 40
6689 51
6690 66
6691 11
6692 3
6693 28
6694 32
6695 90
6696 36
6697 78
6698 73
6699 75
6700 27
6701 78
6702 60
6703 20
6704 35
6705 53
6706 59
6707 6
6708 37
6709 74
6710 40
6711 84
6712 93
6713 82
6714 61
6715 58
6716 65
6717 50
6718 22
6719 58
6720 60
6721 90
6722 13
6723 52
6724 20
6725 35
6726 98
6727 52
6728 33
6729 7
6730 57
6731 70
6732 35
6733 69
6734 26
6735 13
6736 42
6737 79
6738 59
6739 18
6740 53
6741 44
6742 40
6743 7
6744 60
6745 43
6746 28
6747 60
6748 31
6749 11
6750 84
6751 86
6752 16
6753 57
6754 3
6755 31
6756 44
6757 48
6758 38
6759 35
6760 36
6761 33
6762 61
6763 20
6764 43
6765 25
6766 81
6767 42
6768 32
6769 64
6770 36
6771 13
6772 22
6773 100
6774 80
6775 27
6776 6
6777 35
6778 9
6779 95
6780 94
6781 92
6782 91
6783 100
6784 97
6785 13
6786 24
6787 76
6788 23
6789 14
6790 18
6791 100
6792 83
6793 48
6794 76
6795 49
6796 63
6797 60
6798 96
6799 9
6800 92
6801 28
6802 14
6803 8
6804 72
6805 68
6806 39
6807 82
6808 48
6809 15
6810 12
6811 22
6812 12
6813 65
6814 58
6815 98
6816 54
6817 93
6818 15
6819 30
6820 21
6821 84
6822 8
6823 11
6824 56
6825 76
6826 11
6827 32
6828 31
6829 96
6830 4
6831 35
6832 83
6833 9
6834 44
6835 30
6836 27
6837 26
6838 69
6839 98
6840 30
6841 1
6842 25
6843 6
6844 55
6845 33
6846 24
6847 93
6848 75
6849 5
6850 45
6851 37
6852 94
6853 27
6854 55
6855 100
6856 23
6857 90
6858 18
6859 37
6860 6
6861 58
6862 86
6863 45
6864 4
6865 17
6866 82
6867 60
6868 30
6869 23
6870 26
6871 30
6872 55
6873 7
6874 55
6875 26
6876 92
6877 17
6878 75
6879 50
6880 25
6881 94
6882 70
6883 14
6884 62
6885 10
6886 87
6887 24
6888 31
6889 17
6890 77
6891 61
6892 70
6893 73
6894 55
6895 37
6896 36
6897 67
6898 22
6899 73
6900 15
6901 42
6902 46
6903 2
6904 15
6905 97
6906 3
6907 35
6908 39
6909 13
6910 27
6911 23
6912 3
6913 62
6914 5
6915 57
6916 5
6917 51
6918 44
6919 53
6920 56
6921 26
6922 39
6923 44
6924 21
6925 35
6926 29
6927 41
6928 13
6929 92
6930 98
6931 86
6932 45
6933 85
6934 13
6935 46
6936 94
6937 61
6938 44
6939 8
6940 16
6941 9
6942 6
6943 26
6944 86
6945 79
6946 95
6947 33
6948 58
6949 84
6950 55
6951 56
6952 51
6953 16
6954 25
6955 41
6956 61
6957 30
6958 58
6959 55
6960 46
6961 94
6962 31
6963 86
6964 67
6965 94
6966 16
6967 97
6968 49
6969 65
6970 27
6971 14
6972 55
6973 9
6974 65
6975 33
6976 37
6977 73
6978 84
6979 15
6980 95
6981 7
6982 30
6983 78
6984 15
6985 39
6986 70
6987 81
6988 16
6989 55
6990 85
6991 4
6992 56
6993 7
6994 8
6995 30
6996 15
6997 46
6998 5
6999 85
7000 28
7001 92
7002 52
7003 93
7004 75
7005 24
7006 29
7007 2
7008 84
7009 70
7010 23
7011 86
7012 38
7013 21
7014 95
7015 41
7016 33
7017 47
7018 91
7019 11
7020 83
7021 13
7022 26
7023 25
7024 82
7025 98
7026 10
7027 26
7028 67
7029 97
7030 6
7031 33
7032 42
7033 95
7034 6
7035 12
7036 6
7037 79
7038 69
7039 11
7040 80
7041 80
7042 93
7043 59
7044 28
7045 33
7046 1
7047 98
7048 12
7049 4
7050 48
7051 47
7052 30
7053 66
7054 18
7055 45
7056 25
7057 96
7058 13
7059 17
7060 88
7061 86
7062 90
7063 5
7064 19
7065 68
7066 18
7067 15
7068 19
7069 34
7070 25
7071 34
7072 24
7073 54
7074 22
7075 45
7076 61
7077 78
7078 80
7079 78
7080 85
7081 75
7082 56
7083 55
7084 77
7085 28
7086 87
7087 75
7088 71
7089 96
7090 33
7091 19
7092 58
7093 39
7094 33
7095 5
7096 56
7097 73
7098 40
7099 95
7100 77
7101 45
7102 41
7103 41
7104 25
7105 5
7106 93
7107 97
7108 25
7109 43
7110 48
7111 55
7112 42
7113 79
7114 20
7115 76
7116 96
7117 80
7118 3
7119 29
7120 27
7121 94
7122 1
7123 5
7124 1
7125 34
7126 92
7127 29
7128 60
7129 30
7130 79
7131 92
7132 69
7133 31
7134 9
7135 2
7136 6
7137 55
7138 67
7139 2
7140 72
7141 53
7142 38
7143 31
7144 6
7145 77
7146 12
7147 53
7148 23
7149 54
7150 25
7151 53
7152 42
7153 2
7154 89
7155 79
7156 69
7157 76
7158 73
7159 73
7160 71
7161 45
7162 28
7163 25
7164 88
7165 5
7166 25
7167 96
7168 67
7169 30
7170 91
7171 93
7172 30
7173 16
7174 32
7175 72
7176 10
7177 24
7178 3
7179 92
7180 50
7181 2
7182 49
7183 85
7184 23
7185 33
7186 11
7187 68
7188 78
7189 69
7190 18
7191 25
7192 54
7193 36
7194 75
7195 6
7196 12
7197 11
7198 42
7199 78
7200 1
7201 90
7202 10
7203 65
7204 59
7205 3
7206 24
7207 28
7208 84
7209 92
7210 62
7211 5
7212 84
7213 83
7214 11
7215 24
7216 79
7217 78
7218 9
7219 37
7220 40
7221 100
7222 14
7223 37
7224 92
7225 34
7226 63
7227 84
7228 6
7229 37
7230 98
7231 66
7232 31
7233 53
7234 88
7235 63
7236 75
7237 28
7238 25
7239 98
7240 48
7241 65
7242 97
7243 29
7244 67
7245 74
7246 63
7247 86
7248 53
7249 41
7250 91
7251 77
7252 46
7253 38
7254 41
7255 77
7256 66
7257 16
7258 57
7259 59
7260 78
7261 71
7262 91
7263 7
7264 78
7265 65
7266 9
7267 18
7268 89
7269 65
7270 67
7271 21
7272 53
7273 71
7274 19
7275 95
7276 29
7277 19
7278 73
7279 62
7280 93
7281 30
7282 35
7283 76
7284 14
7285 67
7286 43
7287 90
7288 31
7289 76
7290 21
7291 42
7292 76
7293 48
7294 20
7295 37
7296 1
7297 97
7298 48
7299 55
7300 23
7301 23
7302 38
7303 83
7304 75
7305 3
7306 85
7307 24
7308 100
7309 34
7310 46
7311 62
7312 100
7313 2
7314 47
7315 96
7316 58
7317 51
7318 28
7319 54
7320 27
7321 36
7322 22
7323 30
7324 20
7325 69
7326 21
7327 75
7328 52
7329 98
7330 74
7331 6
7332 99
7333 93
7334 6
7335 71
7336 23
7337 56
7338 31
7339 40
7340 98
7341 3
7342 13
7343 73
7344 17
7345 96
7346 51
7347 42
7348 48
7349 86
7350 84
7351 58
7352 47
7353 27
7354 61
7355 70
7356 57
7357 38
7358 39
7359 35
7360 24
7361 30
7362 18
7363 82
7364 51
7365 13
7366 92
7367 64
7368 92
7369 43
7370 20
7371 2
7372 36
7373 89
7374 46
7375 31
7376 100
7377 44
7378 61
7379 45
7380 30
7381 71
7382 92
7383 2
7384 67
7385 74
7386 98
7387 51
7388 65
7389 51
7390 72
7391 36
7392 32
7393 43
7394 29
7395 63
7396 89
7397 57
7398 23
7399 24
7400 70
7401 58
7402 97
7403 42
7404 90
7405 25
7406 89
7407 24
7408 82
7409 11
7410 95
7411 63
7412 29
7413 23
7414 55
7415 79
7416 1
7417 100
7418 12
7419 72
7420 19
7421 43
7422 18
7423 82
7424 73
7425 4
7426 83
7427 50
7428 82
7429 82
7430 30
7431 6
7432 58
7433 67
7434 41
7435 89
7436 60
7437 87
7438 66
7439 16
7440 67
7441 64
7442 73
7443 20
7444 37
7445 18
7446 100
7447 27
7448 83
7449 17
7450 36
7451 94
7452 6
7453 28
7454 28
7455 97
7456 50
7457 42
7458 88
7459 19
7460 50
7461 8
7462 91
7463 78
7464 83
7465 97
7466 74
7467 99
7468 14
7469 23
7470 5
7471 79
7472 98
7473 15
7474 9
7475 13
7476 6
7477 64
7478 73
7479 23
7480 77
7481 65
7482 89
7483 25
7484 11
7485 8
7486 73
7487 61
7488 68
7489 60
7490 99
7491 37
7492 29
7493 3
7494 49
7495 12
7496 74
7497 61
7498 42
7499 91
7500 40
7501 76
7502 95
7503 9
7504 87
7505 93
7506 25
7507 33
7508 88
7509 53
7510 94
7511 84
7512 6
7513 61
7514 41
7515 20
7516 47
7517 36
7518 24
7519 14
7520 21
7521 18
7522 25
7523 61
7524 35
7525 98
7526 41
7527 84
7528 82
7529 62
7530 17
7531 82
7532 42
7533 75
7534 86
7535 54
7536 2
7537 4
7538 69
7539 73
7540 31
7541 96
7542 1
7543 48
7544 50
7545 60
7546 46
7547 87
7548 96
7549 55
7550 22
7551 8
7552 16
7553 76
7554 77
7555 54
7556 55
7557 18
7558 45
7559 42
7560 20
7561 100
7562 8
7563 59
7564 15
7565 100
7566 52
7567 22
7568 16
7569 54
7570 62
7571 53
7572 83
7573 98
7574 71
7575 13
7576 46
7577 78
7578 32
7579 43
7580 59
7581 35
7582 32
7583 71
7584 62
7585 55
7586 84
7587 61
7588 99
7589 23
7590 87
7591 81
7592 35
7593 27
7594 59
7595 31
7596 41
7597 75
7598 80
7599 89
7600 13
7601 11
7602 28
7603 20
7604 71
7605 95
7606 65
7607 93
7608 85
7609 11
7610 28
7611 71
7612 20
7613 42
7614 39
7615 39
7616 2
7617 6
7618 94
7619 17
7620 50
7621 85
7622 69
7623 47
7624 63
7625 44
7626 22
7627 53
7628 50
7629 28
7630 26
7631 59
7632 52
7633 41
7634 63
7635 70
7636 65
7637 94
7638 94
7639 13
7640 75
7641 92
7642 38
7643 48
7644 99
7645 93
7646 54
7647 28
7648 77
7649 65
7650 82
7651 15
7652 55
7653 68
7654 57
7655 84
7656 5
7657 42
7658 76
7659 2
7660 4
7661 46
7662 51
7663 12
7664 9
7665 26
7666 50
7667 48
7668 15
7669 81
7670 34
7671 42
7672 89
7673 68
7674 2
7675 62
7676 31
7677 51
7678 84
7679 27
7680 61
7681 53
7682 49
7683 6
7684 4
7685 83
7686 46
7687 66
7688 84
7689 13
7690 58
7691 41
7692 1
7693 26
7694 53
7695 52
7696 52
7697 53
7698 50
7699 70
7700 63
7701 6
7702 37
7703 15
7704 7
7705 76
7706 3
7707 88
7708 42
7709 62
7710 19
7711 42
7712 85
7713 96
7714 31
7715 87
7716 87
7717 19
7718 8
7719 30
7720 92
7721 17
7722 39
7723 35
7724 98
7725 88
7726 18
7727 96
7728 50
7729 99
7730 35
7731 7
7732 75
7733 26
7734 7
7735 71
7736 32
7737 98
7738 22
7739 23
7740 87
7741 20
7742 95
7743 2
7744 46
7745 76
7746 51
7747 18
7748 13
7749 28
7750 8
7751 28
7752 2
7753 95
7754 68
7755 80
7756 51
7757 16
7758 85
7759 10
7760 79
7761 10
7762 4
7763 64
7764 8
7765 93
7766 13
7767 52
7768 88
7769 48
7770 86
7771 70
7772 85
7773 30
7774 62
7775 27
7776 91
7777 25
7778 70
7779 33
7780 82
7781 93
7782 72
7783 96
7784 62
7785 82
7786 65
7787 27
7788 28
7789 25
7790 25
7791 47
7792 42
7793 100
7794 90
7795 24
7796 54
7797 98
7798 21
7799 24
7800 59
7801 49
7802 40
7803 90
7804 82
7805 4
7806 17
7807 94
7808 17
7809 49
7810 44
7811 31
7812 86
7813 8
7814 86
7815 30
7816 23
7817 6
7818 66
7819 32
7820 45
7821 16
7822 77
7823 71
7824 99
7825 48
7826 4
7827 43
7828 1
7829 91
7830 61
7831 77
7832 70
7833 42
7834 100
7835 30
7836 44
7837 38
7838 93
7839 61
7840 99
7841 26
7842 16
7843 14
7844 65
7845 23
7846 93
7847 30
7848 49
7849 56
7850 86
7851 24
7852 10
7853 73
7854 50
7855 35
7856 19
7857 39
7858 63
7859 23
7860 25
7861 30
7862 16
7863 22
7864 9
7865 25
7866 6
7867 47
7868 32
7869 39
7870 89
7871 69
7872 37
7873 39
7874 79
7875 42
7876 19
7877 19
7878 17
7879 13
7880 92
7881 67
7882 18
7883 30
7884 50
7885 76
7886 49
7887 85
7888 57
7889 16
7890 7
7891 85
7892 10
7893 64
7894 90
7895 67
7896 82
7897 37
7898 1
7899 48
7900 22
7901 37
7902 97
7903 71
7904 84
7905 61
7906 17
7907 96
7908 56
7909 48
7910 2
7911 81
7912 65
7913 83
7914 69
7915 80
7916 3
7917 9
7918 39
7919 55
7920 93
7921 39
7922 100
7923 88
7924 87
7925 92
7926 7
7927 83
7928 88
7929 67
7930 33
7931 58
7932 82
7933 22
7934 97
7935 45
7936 87
7937 83
7938 9
7939 60
7940 71
7941 29
7942 60
7943 11
7944 72
7945 40
7946 60
7947 71
7948 71
7949 55
7950 94
7951 39
7952 36
7953 96
7954 21
7955 70
7956 10
7957 60
7958 39
7959 40
7960 100
7961 96
7962 72
7963 88
7964 8
7965 90
7966 37
7967 1
7968 51
7969 61
7970 28
7971 49
7972 30
7973 92
7974 88
7975 7
7976 88
7977 71
7978 23
7979 57
7980 8
7981 63
7982 60
7983 82
7984 13
7985 52
7986 94
7987 39
7988 49
7989 42
7990 39
7991 5
7992 60
7993 93
7994 40
7995 3
7996 68
7997 55
7998 66
7999 49
8000 87
8001 91
8002 38
8003 64
8004 71
8005 47
8006 88
8007 62
8008 9
8009 79
8010 17
8011 50
8012 72
8013 57
8014 100
8015 57
8016 13
8017 22
8018 49
8019 80
8020 6
8021 35
8022 98
8023 98
8024 12
8025 69
8026 10
8027 50
8028 54
8029 63
8030 18
8031 35
8032 71
8033 86
8034 94
8035 100
8036 8
8037 75
8038 86
8039 38
8040 27
8041 44
8042 87
8043 73
8044 84
8045 29
8046 98
8047 22
8048 83
8049 42
8050 24
8051 28
8052 23
8053 63
8054 24
8055 95
8056 14
8057 29
8058 37
8059 38
8060 41
8061 43
8062 67
8063 61
8064 36
8065 68
8066 85
8067 66
8068 71
8069 91
8070 21
8071 69
8072 95
8073 91
8074 41
8075 79
8076 80
8077 6
8078 99
8079 11
8080 52
8081 85
8082 100
8083 84
8084 97
8085 33
8086 97
8087 76
8088 17
8089 60
8090 34
8091 27
8092 95
8093 35
8094 24
8095 89
8096 69
8097 92
8098 91
8099 21
8100 81
8101 57
8102 77
8103 53
8104 5
8105 79
8106 10
8107 71
8108 16
8109 58
8110 45
8111 71
8112 47
8113 33
8114 80
8115 88
8116 84
8117 99
8118 65
8119 89
8120 6
8121 5
8122 41
8123 12
8124 58
8125 19
8126 17
8127 93
8128 7
8129 67
8130 67
8131 58
8132 18
8133 47
8134 82
8135 44
8136 64
8137 20
8138 55
8139 50
8140 40
8141 99
8142 14
8143 41
8144 24
8145 13
8146 1
8147 59
8148 72
8149 35
8150 96
8151 98
8152 55
8153 7
8154 85
8155 77
8156 64
8157 22
8158 2
8159 59
8160 85
8161 11
8162 46
8163 64
8164 22
8165 38
8166 53
8167 16
8168 36
8169 66
8170 72
8171 83
8172 100
8173 2
8174 57
8175 43
8176 28
8177 18
8178 23
8179 97
8180 33
8181 10
8182 34
8183 7
8184 64
8185 11
8186 87
8187 95
8188 35
8189 70
8190 60
8191 62
8192 15
8193 47
8194 83
8195 36
8196 41
8197 18
8198 76
8199 43
8200 66
8201 70
8202 68
8203 31
8204 16
8205 98
8206 70
8207 40
8208 30
8209 6
8210 29
8211 4
8212 3
8213 19
8214 56
8215 8
8216 36
8217 71
8218 15
8219 74
8220 72
8221 65
8222 73
8223 81
8224 34
8225 95
8226 48
8227 5
8228 3
8229 67
8230 33
8231 31
8232 33
8233 67
8234 28
8235 45
8236 99
8237 45
8238 25
8239 71
8240 2
8241 19
8242 88
8243 21
8244 34
8245 32
8246 69
8247 97
8248 55
8249 30
8250 68
8251 29
8252 7
8253 71
8254 47
8255 94
8256 33
8257 55
8258 70
8259 24
8260 95
8261 92
8262 63
8263 82
8264 41
8265 73
8266 96
8267 38
8268 87
8269 77
8270 30
8271 2
8272 41
8273 96
8274 12
8275 22
8276 66
8277 79
8278 45
8279 94
8280 90
8281 93
8282 67
8283 89
8284 60
8285 22
8286 97
8287 56
8288 49
8289 20
8290 32
8291 20
8292 15
8293 62
8294 70
8295 55
8296 71
8297 17
8298 11
8299 18
8300 46
8301 11
8302 13
8303 100
8304 54
8305 94
8306 12
8307 39
8308 46
8309 13
8310 12
8311 7
8312 12
8313 62
8314 76
8315 25
8316 7
8317 60
8318 91
8319 63
8320 85
8321 97
8322 16
8323 90
8324 21
8325 73
8326 6
8327 1
8328 26
8329 86
8330 46
8331 80
8332 86
8333 67
8334 23
8335 81
8336 54
8337 7
8338 69
8339 87
8340 52
8341 14
8342 38
8343 49
8344 77
8345 51
8346 82
8347 14
8348 52
8349 34
8350 53
8351 94
8352 1
8353 3
8354 87
8355 98
8356 19
8357 61
8358 71
8359 22
8360 7
8361 44
8362 53
8363 36
8364 69
8365 64
8366 47
8367 60
8368 20
8369 2
8370 71
8371 55
8372 98
8373 50
8374 87
8375 62
8376 26
8377 79
8378 6
8379 83
8380 7
8381 28
8382 23
8383 87
8384 38
8385 9
8386 92
8387 23
8388 23
8389 73
8390 74
8391 57
8392 1
8393 75
8394 15
8395 91
8396 48
8397 40
8398 57
8399 7
8400 5
8401 31
8402 97
8403 78
8404 69
8405 64
8406 4
8407 27
8408 58
8409 51
8410 56
8411 81
8412 75
8413 2
8414 82
8415 5
8416 39
8417 30
8418 49
8419 85
8420 38
8421 11
8422 49
8423 37
8424 24
8425 100
8426 57
8427 1
8428 75
8429 1
8430 77
8431 85
8432 28
8433 87
8434 32
8435 17
8436 89
8437 37
8438 28
8439 60
8440 54
8441 74
8442 83
8443 27
8444 10
8445 20
8446 72
8447 24
8448 25
8449 45
8450 87
8451 78
8452 41
8453 77
8454 14
8455 4
8456 65
8457 54
8458 3
8459 45
8460 30
8461 35
8462 71
8463 86
8464 93
8465 69
8466 36
8467 75
8468 38
8469 33
8470 23
8471 66
8472 85
8473 60
8474 76
8475 50
8476 46
8477 61
8478 43
8479 68
8480 67
8481 7
8482 85
8483 43
8484 82
8485 27
8486 12
8487 77
8488 84
8489 57
8490 48
8491 3
8492 57
8493 24
8494 95
8495 66
8496 9
8497 33
8498 12
8499 37
8500 80
8501 84
8502 13
8503 75
8504 76
8505 53
8506 90
8507 41
8508 29
8509 14
8510 42
8511 5
8512 6
8513 18
8514 13
8515 38
8516 58
8517 47
8518 35
8519 64
8520 15
8521 81
8522 81
8523 77
8524 96
8525 3
8526 78
8527 77
8528 75
8529 31
8530 17
8531 79
8532 95
8533 97
8534 2
8535 20
8536 42
8537 10
8538 43
8539 9
8540 13
8541 83
8542 77
8543 55
8544 65
8545 57
8546 20
8547 43
8548 72
8549 31
8550 71
8551 49
8552 29
8553 63
8554 66
8555 96
8556 47
8557 11
8558 22
8559 91
8560 68
8561 60
8562 99
8563 44
8564 39
8565 50
8566 70
8567 22
8568 83
8569 94
8570 16
8571 34
8572 99
8573 35
8574 20
8575 2
8576 16
8577 77
8578 69
8579 33
8580 2
8581 65
8582 45
8583 88
8584 87
8585 22
8586 78
8587 18
8588 49
8589 65
8590 33
8591 16
8592 63
8593 55
8594 25
8595 64
8596 32
8597 5
8598 10
8599 15
8600 8
8601 69
8602 92
8603 35
8604 59
8605 96
8606 44
8607 14
8608 44
8609 36
8610 33
8611 61
8612 79
8613 79
8614 83
8615 25
8616 67
8617 63
8618 42
8619 35
8620 36
8621 9
8622 98
8623 68
8624 68
8625 52
8626 48
8627 76
8628 33
8629 23
8630 52
8631 89
8632 12
8633 71
8634 5
8635 44
8636 77
8637 16
8638 83
8639 27
8640 4
8641 64
8642 72
8643 14
8644 74
8645 69
8646 59
8647 52
8648 24
8649 80
8650 81
8651 90
8652 94
8653 30
8654 9
8655 31
8656 40
8657 32
8658 8
8659 92
8660 72
8661 51
8662 30
8663 10
8664 31
8665 13
8666 88
8667 18
8668 37
8669 92
8670 51
8671 77
8672 32
8673 24
8674 21
8675 57
8676 25
8677 53
8678 72
8679 73
8680 63
8681 19
8682 72
8683 84
8684 20
8685 22
8686 99
8687 58
8688 74
8689 42
8690 72
8691 7
8692 67
8693 83
8694 3
8695 32
8696 54
8697 86
8698 85
8699 33
8700 35
8701 72
8702 67
8703 97
8704 53
8705 65
8706 37
8707 61
8708 82
8709 13
8710 74
8711 84
8712 79
8713 75
8714 47
8715 65
8716 7
8717 35
8718 42
8719 31
8720 43
8721 42
8722 61
8723 25
8724 24
8725 9
8726 67
8727 61
8728 61
8729 75
8730 19
8731 52
8732 31
8733 79
8734 79
8735 17
8736 22
8737 58
8738 20
8739 75
8740 58
8741 94
8742 37
8743 65
8744 77
8745 29
8746 62
8747 23
8748 93
8749 50
8750 40
8751 3
8752 62
8753 44
8754 10
8755 15
8756 97
8757 54
8758 50
8759 67
8760 18
8761 74
8762 95
8763 72
8764 76
8765 54
8766 63
8767 34
8768 48
8769 43
8770 49
8771 27
8772 26
8773 36
8774 98
8775 88
8776 16
8777 4
8778 16
8779 29
8780 99
8781 78
8782 63
8783 46
8784 43
8785 9
8786 68
8787 25
8788 91
8789 86
8790 65
8791 17
8792 47
8793 85
8794 12
8795 72
8796 24
8797 14
8798 75
8799 20
8800 18
8801 36
8802 77
8803 12
8804 24
8805 59
8806 15
8807 41
8808 40
8809 4
8810 30
8811 37
8812 5
8813 85
8814 81
8815 41
8816 91
8817 36
8818 43
8819 86
8820 82
8821 100
8822 14
8823 66
8824 8
8825 99
8826 35
8827 48
8828 17
8829 48
8830 60
8831 64
8832 17
8833 14
8834 56
8835 66
8836 77
8837 38
8838 38
8839 8
8840 34
8841 49
8842 63
8843 27
8844 27
8845 37
8846 45
8847 98
8848 57
8849 69
8850 15
8851 87
8852 6
8853 14
8854 99
8855 12
8856 48
8857 5
8858 12
8859 82
8860 32
8861 71
8862 9
8863 36
8864 56
8865 47
8866 65
8867 86
8868 49
8869 14
8870 49
8871 77
8872 17
8873 11
8874 68
8875 92
8876 88
8877 79
8878 56
8879 62
8880 82
8881 53
8882 47
8883 59
8884 43
8885 2
8886 23
8887 94
8888 67
8889 93
8890 18
8891 83
8892 70
8893 37
8894 1
8895 49
8896 27
8897 66
8898 9
8899 63
8900 80
8901 75
8902 62
8903 5
8904 94
8905 99
8906 25
8907 56
8908 86
8909 83
8910 48
8911 10
8912 57
8913 87
8914 92
8915 59
8916 57
8917 97
8918 66
8919 83
8920 6
8921 42
8922 66
8923 18
8924 1
8925 68
8926 86
8927 8
8928 87
8929 84
8930 28
8931 31
8932 57
8933 89
8934 89
8935 38
8936 60
8937 40
8938 37
8939 2
8940 48
8941 20
8942 91
8943 44
8944 27
8945 39
8946 21
8947 46
8948 75
8949 58
8950 36
8951 45
8952 84
8953 29
8954 40
8955 13
8956 94
8957 42
8958 71
8959 55
8960 47
8961 91
8962 1
8963 27
8964 98
8965 72
8966 72
8967 65
8968 71
8969 99
8970 33
8971 18
8972 33
8973 64
8974 27
8975 45
8976 91
8977 9
8978 43
8979 61
8980 39
8981 67
8982 98
8983 35
8984 30
8985 43
8986 84
8987 40
8988 65
8989 43
8990 33
8991 56
8992 16
8993 54
8994 57
8995 97
8996 81
8997 75
8998 80
8999 67
9000 96
9001 59
9002 37
9003 26
9004 47
9005 65
9006 10
9007 42
9008 25
9009 90
9010 18
9011 8
9012 32
9013 14
9014 86
9015 61
9016 51
9017 69
9018 69
9019 84
9020 13
9021 45
9022 22
9023 57
9024 73
9025 41
9026 20
9027 97
9028 60
9029 79
9030 74
9031 46
9032 98
9033 36
9034 21
9035 47
9036 64
9037 52
9038 27
9039 61
9040 90
9041 53
9042 98
9043 21
9044 25
9045 8
9046 34
9047 83
9048 43
9049 6
9050 31
9051 28
9052 52
9053 10
9054 40
9055 88
9056 62
9057 65
9058 25
9059 10
9060 81
9061 20
9062 29
9063 55
9064 46
9065 58
9066 80
9067 15
9068 33
9069 1
9070 90
9071 88
9072 29
9073 6
9074 10
9075 51
9076 67
9077 25
9078 41
9079 29
9080 51
9081 83
9082 76
9083 49
9084 93
9085 63
9086 18
9087 31
9088 12
9089 81
9090 9
9091 69
9092 13
9093 66
9094 33
9095 55
9096 3
9097 14
9098 10
9099 90
9100 2
9101 95
9102 4
9103 57
9104 54
9105 81
9106 74
9107 72
9108 30
9109 84
9110 55
9111 47
9112 98
9113 87
9114 82
9115 99
9116 47
9117 16
9118 3
9119 92
9120 70
9121 61
9122 28
9123 49
9124 49
9125 44
9126 34
9127 20
9128 97
9129 30
9130 41
9131 91
9132 51
9133 47
9134 35
9135 6
9136 58
9137 63
9138 72
9139 72
9140 95
9141 7
9142 4
9143 81
9144 93
9145 5
9146 58
9147 53
9148 24
9149 9
9150 10
9151 41
9152 29
9153 73
9154 97
9155 67
9156 55
9157 4
9158 72
9159 28
9160 21
9161 72
9162 19
9163 51
9164 60
9165 97
9166 85
9167 54
9168 24
9169 75
9170 62
9171 60
9172 4
9173 48
9174 76
9175 19
9176 91
9177 28
9178 35
9179 19
9180 50
9181 65
9182 20
9183 36
9184 48
9185 42
9186 53
9187 86
9188 4
9189 12
9190 11
9191 89
9192 50
9193 100
9194 52
9195 45
9196 33
9197 41
9198 1
9199 96
9200 5
9201 6
9202 41
9203 40
9204 53
9205 32
9206 56
9207 69
9208 73
9209 89
9210 50
9211 42
9212 31
9213 62
9214 50
9215 100
9216 71
9217 55
9218 43
9219 95
9220 52
9221 72
9222 96
9223 21
9224 9
9225 77
9226 62
9227 10
9228 50
9229 39
9230 83
9231 26
9232 8
9233 18
9234 36
9235 23
9236 84
9237 38
9238 14
9239 75
9240 49
9241 6
9242 79
9243 10
9244 21
9245 2
9246 29
9247 36
9248 3
9249 56
9250 41
9251 85
9252 2
9253 18
9254 62
9255 54
9256 5
9257 63
9258 83
9259 66
9260 90
9261 26
9262 99
9263 71
9264 42
9265 29
9266 24
9267 58
9268 88
9269 100
9270 92
9271 37
9272 26
9273 38
9274 5
9275 74
9276 73
9277 17
9278 27
9279 86
9280 23
9281 38
9282 80
9283 45
9284 52
9285 92
9286 72
9287 30
9288 82
9289 18
9290 27
9291 76
9292 19
9293 32
9294 73
9295 50
9296 70
9297 62
9298 61
9299 24
9300 49
9301 4
9302 5
9303 75
9304 33
9305 86
9306 45
9307 27
9308 63
9309 13
9310 98
9311 17
9312 52
9313 60
9314 23
9315 19
9316 33
9317 40
9318 68
9319 40
9320 85
9321 94
9322 48
9323 52
9324 39
9325 43
9326 1
9327 57
9328 88
9329 98
9330 66
9331 66
9332 46
9333 59
9334 73
9335 17
9336 72
9337 24
9338 95
9339 16
9340 43
9341 44
9342 73
9343 29
9344 9
9345 26
9346 36
9347 14
9348 36
9349 35
9350 22
9351 47
9352 58
9353 28
9354 64
9355 91
9356 84
9357 19
9358 80
9359 11
9360 85
9361 76
9362 88
9363 39
9364 53
9365 45
9366 36
9367 51
9368 91
9369 74
9370 94
9371 38
9372 41
9373 88
9374 84
9375 13
9376 82
9377 84
9378 68
9379 38
9380 87
9381 52
9382 28
9383 69
9384 11
9385 75
9386 27
9387 16
9388 4
9389 6
9390 61
9391 68
9392 48
9393 8
9394 99
9395 40
9396 84
9397 54
9398 43
9399 81
9400 1
9401 3
9402 63
9403 12
9404 80
9405 43
9406 16
9407 91
9408 32
9409 83
9410 15
9411 80
9412 40
9413 82
9414 79
9415 57
9416 2
9417 4
9418 23
9419 8
9420 44
9421 2
9422 80
9423 76
9424 97
9425 34
9426 86
9427 36
9428 4
9429 1
9430 52
9431 24
9432 86
9433 64
9434 97
9435 35
9436 42
9437 85
9438 39
9439 66
9440 46
9441 62
9442 96
9443 16
9444 76
9445 40
9446 40
9447 67
9448 39
9449 65
9450 42
9451 75
9452 20
9453 72
9454 45
9455 75
9456 57
9457 83
9458 78
9459 8
9460 30
9461 23
9462 1
9463 14
9464 67
9465 60
9466 46
9467 14
9468 93
9469 84
9470 3
9471 90
9472 93
9473 25
9474 75
9475 9
9476 87
9477 75
9478 58
9479 70
9480 69
9481 88
9482 28
9483 16
9484 92
9485 68
9486 64
9487 33
9488 60
9489 97
9490 7
9491 79
9492 24
9493 12
9494 53
9495 68
9496 79
9497 63
9498 88
9499 30
9500 67
9501 30
9502 63
9503 83
9504 84
9505 73
9506 34
9507 95
9508 41
9509 7
9510 57
9511 48
9512 56
9513 96
9514 90
9515 24
9516 24
9517 34
9518 29
9519 98
9520 37
9521 3
9522 56
9523 86
9524 67
9525 64
9526 8
9527 87
9528 18
9529 45
9530 3
9531 30
9532 10
9533 88
9534 98
9535 57
9536 12
9537 60
9538 43
9539 3
9540 94
9541 83
9542 37
9543 88
9544 65
9545 86
9546 40
9547 46
9548 48
9549 33
9550 25
9551 26
9552 4
9553 26
9554 42
9555 24
9556 50
9557 90
9558 74
9559 65
9560 21
9561 7
9562 80
9563 51
9564 19
9565 98
9566 63
9567 12
9568 100
9569 48
9570 71
9571 57
9572 82
9573 97
9574 42
9575 42
9576 99
9577 41
9578 66
9579 7
9580 16
9581 62
9582 10
9583 65
9584 65
9585 28
9586 48
9587 10
9588 87
9589 68
9590 23
9591 51
9592 72
9593 40
9594 19
9595 73
9596 11
9597 43
9598 67
9599 68
9600 56
9601 57
9602 21
9603 24
9604 17
9605 35
9606 48
9607 70
9608 46
9609 61
9610 43
9611 14
9612 47
9613 9
9614 78
9615 27
9616 65
9617 32
9618 20
9619 16
9620 21
9621 12
9622 20
9623 30
9624 73
9625 68
9626 88
9627 51
9628 16
9629 89
9630 95
9631 85
9632 61
9633 41
9634 38
9635 89
9636 98
9637 34
9638 52
9639 12
9640 27
9641 66
9642 12
9643 12
9644 79
9645 30
9646 20
9647 20
9648 16
9649 58
9650 76
9651 93
9652 32
9653 99
9654 32
9655 100
9656 99
9657 80
9658 50
9659 29
9660 67
9661 66
9662 100
9663 47
9664 54
9665 70
9666 26
9667 23
9668 83
9669 14
9670 89
9671 68
9672 38
9673 21
9674 96
9675 68
9676 46
9677 13
9678 28
9679 52
9680 29
9681 63
9682 28
9683 93
9684 51
9685 48
9686 10
9687 39
9688 75
9689 38
9690 66
9691 36
9692 7
9693 91
9694 96
9695 10
9696 39
9697 48
9698 72
9699 79
9700 38
9701 26
9702 15
9703 50
9704 13
9705 29
9706 53
9707 71
9708 73
9709 89
9710 63
9711 59
9712 100
9713 74
9714 61
9715 45
9716 68
9717 5
9718 64
9719 25
9720 83
9721 36
9722 3
9723 48
9724 38
9725 76
9726 21
9727 59
9728 49
9729 69
9730 61
9731 84
9732 73
9733 16
9734 90
9735 26
9736 86
9737 2
9738 44
9739 40
9740 93
9741 55
9742 83
9743 97
9744 17
9745 91
9746 87
9747 69
9748 93
9749 88
9750 37
9751 96
9752 22
9753 70
9754 19
9755 100
9756 55
9757 20
9758 46
9759 96
9760 3
9761 63
9762 89
9763 11
9764 70
9765 66
9766 94
9767 20
9768 93
9769 56
9770 44
9771 20
9772 28
9773 43
9774 62
9775 14
9776 74
9777 78
9778 42
9779 100
9780 71
9781 82
9782 42
9783 99
9784 89
9785 66
9786 63
9787 68
9788 94
9789 49
9790 96
9791 86
9792 74
9793 93
9794 36
9795 88
9796 10
9797 5
9798 43
9799 76
9800 53
9801 20
9802 83
9803 70
9804 51
9805 33
9806 18
9807 35
9808 28
9809 16
9810 57
9811 7
9812 94
9813 51
9814 89
9815 73
9816 27
9817 26
9818 98
9819 26
9820 86
9821 73
9822 33
9823 9
9824 73
9825 75
9826 69
9827 90
9828 9
9829 20
9830 86
9831 82
9832 74
9833 69
9834 62
9835 39
9836 2
9837 20
9838 13
9839 10
9840 9
9841 4
9842 93
9843 5
9844 66
9845 98
9846 32
9847 24
9848 89
9849 21
9850 38
9851 91
9852 28
9853 9
9854 2
9855 62
9856 85
9857 10
9858 20
9859 73
9860 31
9861 13
9862 45
9863 70
9864 1
9865 35
9866 56
9867 95
9868 45
9869 90
9870 78
9871 16
9872 84
9873 74
9874 81
9875 75
9876 19
9877 80
9878 41
9879 3
9880 18
9881 52
9882 96
9883 46
9884 93
9885 20
9886 80
9887 31
9888 33
9889 37
9890 95
9891 98
9892 56
9893 54
9894 54
9895 65
9896 21
9897 35
9898 87
9899 81
9900 63
9901 73
9902 10
9903 30
9904 34
9905 39
9906 70
9907 76
9908 81
9909 90
9910 10
9911 29
9912 50
9913 66
9914 67
9915 88
9916 11
9917 4
9918 22
9919 9
9920 13
9921 40
9922 32
9923 25
9924 4
9925 20
9926 16
9927 61
9928 63
9929 72
9930 92
9931 85
9932 14
9933 29
9934 27
9935 62
9936 50
9937 69
9938 8
9939 5
9940 92
9941 29
9942 90
9943 88
9944 70
9945 43
9946 68
9947 64
9948 55
9949 3
9950 44
9951 93
9952 14
9953 95
9954 19
9955 5
9956 95
9957 39
9958 19
9959 3
9960 82
9961 58
9962 14
9963 76
9964 17
9965 4
9966 71
9967 89
9968 20
9969 2
9970 3
9971 65
9972 72
9973 56
9974 42
9975 43
9976 97
9977 71
9978 43
9979 31
9980 33
9981 30
9982 38
9983 49
9984 83
9985 47
9986 14
9987 62
9988 53
9989 62
9990 48
9991 40
9992 46
9993 13
9994 71
9995 10
9996 83
9997 56
9998 4
9999 76
10000 5
